1548445500 1 0 0 0 0 0 0 0 0 0 0 0 0 0 0 0 0 0 0 0 0 0 0 0 0 0 0 0 0 0 0 0 0 0 0 0 0 0 0 0 0 0 0
1548446368 2 0 0 0 0 0 0 0 0 0 0 0 0 0 0 0 0 0 0 0 0 0 0 0 0 0 0 0 0 0 0 0 0 0 0 0 0 0 0 0 0 0 0
1548446656 3 0 0 0 0 0 0 0 0 0 0 0 0 0 0 0 0 0 0 0 0 0 0 0 0 0 0 0 0 0 0 0 0 0 0 0 0 0 0 0 0 0 0
1548446903 4 0 0 0 0 0 0 0 0 0 0 0 0 0 0 0 0 0 0 0 0 0 0 0 0 0 0 0 0 0 0 0 0 0 0 0 0 0 0 0 0 0 0
1548701861 5 0 0 0 0 0 0 0 0 0 0 0 0 0 0 0 0 0 0 0 0 0 0 0 0 0 0 0 0 0 0 0 0 0 0 0 0 0 0 0 0 0 0
1548704528 6 0 0 0 0 0 0 0 0 0 0 0 0 0 0 0 0 0 0 0 0 0 0 0 0 0 0 0 0 0 0 0 0 0 0 0 0 0 0 0 0 0 0
1548955613 7 0 0 0 0 0 0 0 0 0 0 0 0 0 0 0 0 0 0 0 0 0 0 0 0 0 0 0 0 0 0 0 0 0 0 0 0 0 0 0 0 0 0
1548974904 7 0 0 0 0 0 0 0 1 0 0 0 0 0 0 0 0 0 0 0 0 0 0 0 0 0 0 0 0 0 0 0 0 0 0 0 0 0 0 0 0 0 0
1549059478 8 0 0 0 0 0 0 0 1 0 0 0 0 0 0 0 0 0 0 0 0 0 0 0 0 0 0 0 0 0 0 0 0 0 0 0 0 0 0 0 0 0 0
1549065950 9 0 0 0 0 0 0 0 1 0 0 0 0 0 0 0 0 0 0 0 0 0 0 0 0 0 0 0 0 0 0 0 0 0 0 0 0 0 0 0 0 0 0
1549319046 10 0 0 0 0 0 0 0 1 0 0 0 0 0 0 0 0 0 0 0 0 0 0 0 0 0 0 0 0 0 0 0 0 0 0 0 0 0 0 0 0 0 0
1549320044 11 0 0 0 0 0 0 0 1 0 0 0 0 0 0 0 0 0 0 0 0 0 0 0 0 0 0 0 0 0 0 0 0 0 0 0 0 0 0 0 0 0 0
1549419194 11 0 1 0 0 0 0 0 1 0 0 0 0 0 0 0 0 0 0 0 0 0 0 0 0 0 0 0 0 0 0 0 0 0 0 0 0 0 0 0 0 0 0
1549428571 11 0 2 0 0 0 0 0 1 0 0 0 0 0 0 0 0 0 0 0 0 0 0 0 0 0 0 0 0 0 0 0 0 0 0 0 0 0 0 0 0 0 0
1549464388 11 0 3 0 0 0 0 0 1 0 0 0 0 0 0 0 0 0 0 0 0 0 0 0 0 0 0 0 0 0 0 0 0 0 0 0 0 0 0 0 0 0 0
1549470719 12 0 3 0 0 0 0 0 1 0 0 0 0 0 0 0 0 0 0 0 0 0 0 0 0 0 0 0 0 0 0 0 0 0 0 0 0 0 0 0 0 0 0
1549485259 13 0 3 0 0 0 0 0 1 0 0 0 0 0 0 0 0 0 0 0 0 0 0 0 0 0 0 0 0 0 0 0 0 0 0 0 0 0 0 0 0 0 0
1549515474 14 0 3 0 0 0 0 0 1 0 0 0 0 0 0 0 0 0 0 0 0 0 0 0 0 0 0 0 0 0 0 0 0 0 0 0 0 0 0 0 0 0 0
1549561020 15 0 3 0 0 0 0 0 1 0 0 0 0 0 0 0 0 0 0 0 0 0 0 0 0 0 0 0 0 0 0 0 0 0 0 0 0 0 0 0 0 0 0
1549562336 16 0 3 0 0 0 0 0 1 0 0 0 0 0 0 0 0 0 0 0 0 0 0 0 0 0 0 0 0 0 0 0 0 0 0 0 0 0 0 0 0 0 0
1549567552 17 0 3 0 0 0 0 0 1 0 0 0 0 0 0 0 0 0 0 0 0 0 0 0 0 0 0 0 0 0 0 0 0 0 0 0 0 0 0 0 0 0 0
1549573286 18 0 3 0 0 0 0 0 1 0 0 0 0 0 0 0 0 0 0 0 0 0 0 0 0 0 0 0 0 0 0 0 0 0 0 0 0 0 0 0 0 0 0
1549902420 18 0 4 0 0 0 0 0 1 0 0 0 0 0 0 0 0 0 0 0 0 0 0 0 0 0 0 0 0 0 0 0 0 0 0 0 0 0 0 0 0 0 0
1549911737 18 0 4 0 0 0 0 0 1 0 0 0 0 0 0 0 0 0 0 0 0 0 0 0 0 0 0 0 0 0 0 0 0 0 0 0 0 0 0 0 1 0 0
1549911882 18 0 5 0 0 0 0 0 1 0 0 0 0 0 0 0 0 0 0 0 0 0 0 0 0 0 0 0 0 0 0 0 0 0 0 0 0 0 0 0 1 0 0
1549997749 18 0 6 0 0 0 0 0 1 0 0 0 0 0 0 0 0 0 0 0 0 0 0 0 0 0 0 0 0 0 0 0 0 0 0 0 0 0 0 0 1 0 0
1550008681 18 0 7 0 0 0 0 0 1 0 0 0 0 0 0 0 0 0 0 0 0 0 0 0 0 0 0 0 0 0 0 0 0 0 0 0 0 0 0 0 1 0 0
1550091840 19 0 7 0 0 0 0 0 1 0 0 0 0 0 0 0 0 0 0 0 0 0 0 0 0 0 0 0 0 0 0 0 0 0 0 0 0 0 0 0 1 0 0
1550097535 20 0 7 0 0 0 0 0 1 0 0 0 0 0 0 0 0 0 0 0 0 0 0 0 0 0 0 0 0 0 0 0 0 0 0 0 0 0 0 0 1 0 0
1550098747 21 0 7 0 0 0 0 0 1 0 0 0 0 0 0 0 0 0 0 0 0 0 0 0 0 0 0 0 0 0 0 0 0 0 0 0 0 0 0 0 1 0 0
1550121466 21 0 8 0 0 0 0 0 1 0 0 0 0 0 0 0 0 0 0 0 0 0 0 0 0 0 0 0 0 0 0 0 0 0 0 0 0 0 0 0 1 0 0
1550611921 21 0 8 0 1 0 0 0 1 0 0 0 0 0 0 0 0 0 0 0 0 0 0 0 0 0 0 0 0 0 0 0 0 0 0 0 0 0 0 0 1 0 0
1550663516 21 0 8 1 1 0 0 0 1 0 0 0 0 0 0 0 0 0 0 0 0 0 0 0 0 0 0 0 0 0 0 0 0 0 0 0 0 0 0 0 1 0 0
1551207022 22 0 8 1 1 0 0 0 1 0 0 0 0 0 0 0 0 0 0 0 0 0 0 0 0 0 0 0 0 0 0 0 0 0 0 0 0 0 0 0 1 0 0
1551410675 23 0 8 1 1 0 0 0 1 0 0 0 0 0 0 0 0 0 0 0 0 0 0 0 0 0 0 0 0 0 0 0 0 0 0 0 0 0 0 0 1 0 0
1551590880 23 0 8 1 2 0 0 0 1 0 0 0 0 0 0 0 0 0 0 0 0 0 0 0 0 0 0 0 0 0 0 0 0 0 0 0 0 0 0 0 1 0 0
1551678333 23 0 8 1 2 0 0 0 2 0 0 0 0 0 0 0 0 0 0 0 0 0 0 0 0 0 0 0 0 0 0 0 0 0 0 0 0 0 0 0 1 0 0
1551726392 24 0 8 1 2 0 0 0 2 0 0 0 0 0 0 0 0 0 0 0 0 0 0 0 0 0 0 0 0 0 0 0 0 0 0 0 0 0 0 0 1 0 0
1551732181 25 0 8 1 2 0 0 0 2 0 0 0 0 0 0 0 0 0 0 0 0 0 0 0 0 0 0 0 0 0 0 0 0 0 0 0 0 0 0 0 1 0 0
1551901047 26 0 8 1 2 0 0 0 2 0 0 0 0 0 0 0 0 0 0 0 0 0 0 0 0 0 0 0 0 0 0 0 0 0 0 0 0 0 0 0 1 0 0
1551908612 27 0 8 1 2 0 0 0 2 0 0 0 0 0 0 0 0 0 0 0 0 0 0 0 0 0 0 0 0 0 0 0 0 0 0 0 0 0 0 0 1 0 0
1552356921 28 0 8 1 2 0 0 0 2 0 0 0 0 0 0 0 0 0 0 0 0 0 0 0 0 0 0 0 0 0 0 0 0 0 0 0 0 0 0 0 1 0 0
1552360276 29 0 8 1 2 0 0 0 2 0 0 0 0 0 0 0 0 0 0 0 0 0 0 0 0 0 0 0 0 0 0 0 0 0 0 0 0 0 0 0 1 0 0
1552510778 29 0 8 1 3 0 0 0 2 0 0 0 0 0 0 0 0 0 0 0 0 0 0 0 0 0 0 0 0 0 0 0 0 0 0 0 0 0 0 0 1 0 0
1552518223 29 0 8 2 3 0 0 0 2 0 0 0 0 0 0 0 0 0 0 0 0 0 0 0 0 0 0 0 0 0 0 0 0 0 0 0 0 0 0 0 1 0 0
1552943205 30 0 8 2 3 0 0 0 2 0 0 0 0 0 0 0 0 0 0 0 0 0 0 0 0 0 0 0 0 0 0 0 0 0 0 0 0 0 0 0 1 0 0
1553278332 31 0 8 2 3 0 0 0 2 0 0 0 0 0 0 0 0 0 0 0 0 0 0 0 0 0 0 0 0 0 0 0 0 0 0 0 0 0 0 0 1 0 0
1553810345 32 0 8 2 3 0 0 0 2 0 0 0 0 0 0 0 0 0 0 0 0 0 0 0 0 0 0 0 0 0 0 0 0 0 0 0 0 0 0 0 1 0 0
1553811356 33 0 8 2 3 0 0 0 2 0 0 0 0 0 0 0 0 0 0 0 0 0 0 0 0 0 0 0 0 0 0 0 0 0 0 0 0 0 0 0 1 0 0
1553824182 34 0 8 2 3 0 0 0 2 0 0 0 0 0 0 0 0 0 0 0 0 0 0 0 0 0 0 0 0 0 0 0 0 0 0 0 0 0 0 0 1 0 0
1553884245 35 0 8 2 3 0 0 0 2 0 0 0 0 0 0 0 0 0 0 0 0 0 0 0 0 0 0 0 0 0 0 0 0 0 0 0 0 0 0 0 1 0 0
1553892651 36 0 8 2 3 0 0 0 2 0 0 0 0 0 0 0 0 0 0 0 0 0 0 0 0 0 0 0 0 0 0 0 0 0 0 0 0 0 0 0 1 0 0
1554131918 37 0 8 2 3 0 0 0 2 0 0 0 0 0 0 0 0 0 0 0 0 0 0 0 0 0 0 0 0 0 0 0 0 0 0 0 0 0 0 0 1 0 0
1554132509 38 0 8 2 3 0 0 0 2 0 0 0 0 0 0 0 0 0 0 0 0 0 0 0 0 0 0 0 0 0 0 0 0 0 0 0 0 0 0 0 1 0 0
1554865748 39 0 8 2 3 0 0 0 2 0 0 0 0 0 0 0 0 0 0 0 0 0 0 0 0 0 0 0 0 0 0 0 0 0 0 0 0 0 0 0 1 0 0
1554900421 40 0 8 2 3 0 0 0 2 0 0 0 0 0 0 0 0 0 0 0 0 0 0 0 0 0 0 0 0 0 0 0 0 0 0 0 0 0 0 0 1 0 0
1556341005 41 0 8 2 3 0 0 0 2 0 0 0 0 0 0 0 0 0 0 0 0 0 0 0 0 0 0 0 0 0 0 0 0 0 0 0 0 0 0 0 1 0 0
1556368599 41 0 8 3 3 0 0 0 2 0 0 0 0 0 0 0 0 0 0 0 0 0 0 0 0 0 0 0 0 0 0 0 0 0 0 0 0 0 0 0 1 0 0
1556498803 42 0 8 3 3 0 0 0 2 0 0 0 0 0 0 0 0 0 0 0 0 0 0 0 0 0 0 0 0 0 0 0 0 0 0 0 0 0 0 0 1 0 0
1556506319 43 0 8 3 3 0 0 0 2 0 0 0 0 0 0 0 0 0 0 0 0 0 0 0 0 0 0 0 0 0 0 0 0 0 0 0 0 0 0 0 1 0 0
1556557512 44 0 8 3 3 0 0 0 2 0 0 0 0 0 0 0 0 0 0 0 0 0 0 0 0 0 0 0 0 0 0 0 0 0 0 0 0 0 0 0 1 0 0
1556558887 45 0 8 3 3 0 0 0 2 0 0 0 0 0 0 0 0 0 0 0 0 0 0 0 0 0 0 0 0 0 0 0 0 0 0 0 0 0 0 0 1 0 0
1556568325 46 0 8 3 3 0 0 0 2 0 0 0 0 0 0 0 0 0 0 0 0 0 0 0 0 0 0 0 0 0 0 0 0 0 0 0 0 0 0 0 1 0 0
1556589889 46 0 8 4 3 0 0 0 2 0 0 0 0 0 0 0 0 0 0 0 0 0 0 0 0 0 0 0 0 0 0 0 0 0 0 0 0 0 0 0 1 0 0
1556643681 47 0 8 4 3 0 0 0 2 0 0 0 0 0 0 0 0 0 0 0 0 0 0 0 0 0 0 0 0 0 0 0 0 0 0 0 0 0 0 0 1 0 0
1556646380 48 0 8 4 3 0 0 0 2 0 0 0 0 0 0 0 0 0 0 0 0 0 0 0 0 0 0 0 0 0 0 0 0 0 0 0 0 0 0 0 1 0 0
1556649285 49 0 8 4 3 0 0 0 2 0 0 0 0 0 0 0 0 0 0 0 0 0 0 0 0 0 0 0 0 0 0 0 0 0 0 0 0 0 0 0 1 0 0
1556651026 50 0 8 4 3 0 0 0 2 0 0 0 0 0 0 0 0 0 0 0 0 0 0 0 0 0 0 0 0 0 0 0 0 0 0 0 0 0 0 0 1 0 0
1556918681 50 0 8 4 3 0 0 0 3 0 0 0 0 0 0 0 0 0 0 0 0 0 0 0 0 0 0 0 0 0 0 0 0 0 0 0 0 0 0 0 1 0 0
1557948883 50 0 9 4 3 0 0 0 3 0 0 0 0 0 0 0 0 0 0 0 0 0 0 0 0 0 0 0 0 0 0 0 0 0 0 0 0 0 0 0 1 0 0
1557952146 50 0 10 4 3 0 0 0 3 0 0 0 0 0 0 0 0 0 0 0 0 0 0 0 0 0 0 0 0 0 0 0 0 0 0 0 0 0 0 0 1 0 0
1557953922 50 0 11 4 3 0 0 0 3 0 0 0 0 0 0 0 0 0 0 0 0 0 0 0 0 0 0 0 0 0 0 0 0 0 0 0 0 0 0 0 1 0 0
1558034465 50 0 11 4 4 0 0 0 3 0 0 0 0 0 0 0 0 0 0 0 0 0 0 0 0 0 0 0 0 0 0 0 0 0 0 0 0 0 0 0 1 0 0
1558387550 50 0 12 4 4 0 0 0 3 0 0 0 0 0 0 0 0 0 0 0 0 0 0 0 0 0 0 0 0 0 0 0 0 0 0 0 0 0 0 0 1 0 0
1558533360 50 0 12 4 5 0 0 0 3 0 0 0 0 0 0 0 0 0 0 0 0 0 0 0 0 0 0 0 0 0 0 0 0 0 0 0 0 0 0 0 1 0 0
1558552714 50 0 13 4 5 0 0 0 3 0 0 0 0 0 0 0 0 0 0 0 0 0 0 0 0 0 0 0 0 0 0 0 0 0 0 0 0 0 0 0 1 0 0
1558682165 51 0 13 4 5 0 0 0 3 0 0 0 0 0 0 0 0 0 0 0 0 0 0 0 0 0 0 0 0 0 0 0 0 0 0 0 0 0 0 0 1 0 0
1558706809 52 0 13 4 5 0 0 0 3 0 0 0 0 0 0 0 0 0 0 0 0 0 0 0 0 0 0 0 0 0 0 0 0 0 0 0 0 0 0 0 1 0 0
1558708530 53 0 13 4 5 0 0 0 3 0 0 0 0 0 0 0 0 0 0 0 0 0 0 0 0 0 0 0 0 0 0 0 0 0 0 0 0 0 0 0 1 0 0
1559076692 53 0 14 4 5 0 0 0 3 0 0 0 0 0 0 0 0 0 0 0 0 0 0 0 0 0 0 0 0 0 0 0 0 0 0 0 0 0 0 0 1 0 0
1559092608 53 0 15 4 5 0 0 0 3 0 0 0 0 0 0 0 0 0 0 0 0 0 0 0 0 0 0 0 0 0 0 0 0 0 0 0 0 0 0 0 1 0 0
1559131461 54 0 15 4 5 0 0 0 3 0 0 0 0 0 0 0 0 0 0 0 0 0 0 0 0 0 0 0 0 0 0 0 0 0 0 0 0 0 0 0 1 0 0
1559141319 55 0 15 4 5 0 0 0 3 0 0 0 0 0 0 0 0 0 0 0 0 0 0 0 0 0 0 0 0 0 0 0 0 0 0 0 0 0 0 0 1 0 0
1559770264 55 0 15 4 6 0 0 0 3 0 0 0 0 0 0 0 0 0 0 0 0 0 0 0 0 0 0 0 0 0 0 0 0 0 0 0 0 0 0 0 1 0 0
1559847203 55 0 15 4 7 0 0 0 3 0 0 0 0 0 0 0 0 0 0 0 0 0 0 0 0 0 0 0 0 0 0 0 0 0 0 0 0 0 0 0 1 0 0
1559848112 56 0 15 4 7 0 0 0 3 0 0 0 0 0 0 0 0 0 0 0 0 0 0 0 0 0 0 0 0 0 0 0 0 0 0 0 0 0 0 0 1 0 0
1559848620 57 0 15 4 7 0 0 0 3 0 0 0 0 0 0 0 0 0 0 0 0 0 0 0 0 0 0 0 0 0 0 0 0 0 0 0 0 0 0 0 1 0 0
1559849813 58 0 15 4 7 0 0 0 3 0 0 0 0 0 0 0 0 0 0 0 0 0 0 0 0 0 0 0 0 0 0 0 0 0 0 0 0 0 0 0 1 0 0
1559857014 58 0 15 4 8 0 0 0 3 0 0 0 0 0 0 0 0 0 0 0 0 0 0 0 0 0 0 0 0 0 0 0 0 0 0 0 0 0 0 0 1 0 0
1559926453 58 0 15 4 9 0 0 0 3 0 0 0 0 0 0 0 0 0 0 0 0 0 0 0 0 0 0 0 0 0 0 0 0 0 0 0 0 0 0 0 1 0 0
1559938268 58 0 15 4 10 0 0 0 3 0 0 0 0 0 0 0 0 0 0 0 0 0 0 0 0 0 0 0 0 0 0 0 0 0 0 0 0 0 0 0 1 0 0
1559942108 58 0 15 4 11 0 0 0 3 0 0 0 0 0 0 0 0 0 0 0 0 0 0 0 0 0 0 0 0 0 0 0 0 0 0 0 0 0 0 0 1 0 0
1559945067 58 0 15 4 12 0 0 0 3 0 0 0 0 0 0 0 0 0 0 0 0 0 0 0 0 0 0 0 0 0 0 0 0 0 0 0 0 0 0 0 1 0 0
1560011596 58 0 15 4 13 0 0 0 3 0 0 0 0 0 0 0 0 0 0 0 0 0 0 0 0 0 0 0 0 0 0 0 0 0 0 0 0 0 0 0 1 0 0
1560190311 58 0 15 4 14 0 0 0 3 0 0 0 0 0 0 0 0 0 0 0 0 0 0 0 0 0 0 0 0 0 0 0 0 0 0 0 0 0 0 0 1 0 0
1560199004 58 0 15 4 15 0 0 0 3 0 0 0 0 0 0 0 0 0 0 0 0 0 0 0 0 0 0 0 0 0 0 0 0 0 0 0 0 0 0 0 1 0 0
1560200885 58 0 15 5 15 0 0 0 3 0 0 0 0 0 0 0 0 0 0 0 0 0 0 0 0 0 0 0 0 0 0 0 0 0 0 0 0 0 0 0 1 0 0
1560536426 59 0 15 5 15 0 0 0 3 0 0 0 0 0 0 0 0 0 0 0 0 0 0 0 0 0 0 0 0 0 0 0 0 0 0 0 0 0 0 0 1 0 0
1560543188 60 0 15 5 15 0 0 0 3 0 0 0 0 0 0 0 0 0 0 0 0 0 0 0 0 0 0 0 0 0 0 0 0 0 0 0 0 0 0 0 1 0 0
1560545562 61 0 15 5 15 0 0 0 3 0 0 0 0 0 0 0 0 0 0 0 0 0 0 0 0 0 0 0 0 0 0 0 0 0 0 0 0 0 0 0 1 0 0
1561050385 61 0 15 5 16 0 0 0 3 0 0 0 0 0 0 0 0 0 0 0 0 0 0 0 0 0 0 0 0 0 0 0 0 0 0 0 0 0 0 0 1 0 0
1561052621 61 0 15 5 17 0 0 0 3 0 0 0 0 0 0 0 0 0 0 0 0 0 0 0 0 0 0 0 0 0 0 0 0 0 0 0 0 0 0 0 1 0 0
1561054103 62 0 15 5 17 0 0 0 3 0 0 0 0 0 0 0 0 0 0 0 0 0 0 0 0 0 0 0 0 0 0 0 0 0 0 0 0 0 0 0 1 0 0
1561654070 62 0 15 5 18 0 0 0 3 0 0 0 0 0 0 0 0 0 0 0 0 0 0 0 0 0 0 0 0 0 0 0 0 0 0 0 0 0 0 0 1 0 0
1561654877 63 0 15 5 18 0 0 0 3 0 0 0 0 0 0 0 0 0 0 0 0 0 0 0 0 0 0 0 0 0 0 0 0 0 0 0 0 0 0 0 1 0 0
1561665104 63 0 16 5 18 0 0 0 3 0 0 0 0 0 0 0 0 0 0 0 0 0 0 0 0 0 0 0 0 0 0 0 0 0 0 0 0 0 0 0 1 0 0
1561665675 64 0 16 5 18 0 0 0 3 0 0 0 0 0 0 0 0 0 0 0 0 0 0 0 0 0 0 0 0 0 0 0 0 0 0 0 0 0 0 0 1 0 0
1561670554 65 0 16 5 18 0 0 0 3 0 0 0 0 0 0 0 0 0 0 0 0 0 0 0 0 0 0 0 0 0 0 0 0 0 0 0 0 0 0 0 1 0 0
1562008397 65 0 16 5 18 0 0 0 4 0 0 0 0 0 0 0 0 0 0 0 0 0 0 0 0 0 0 0 0 0 0 0 0 0 0 0 0 0 0 0 1 0 0
1562008410 65 0 16 5 18 0 0 0 5 0 0 0 0 0 0 0 0 0 0 0 0 0 0 0 0 0 0 0 0 0 0 0 0 0 0 0 0 0 0 0 1 0 0
1562008437 65 0 16 5 18 0 0 0 6 0 0 0 0 0 0 0 0 0 0 0 0 0 0 0 0 0 0 0 0 0 0 0 0 0 0 0 0 0 0 0 1 0 0
1562008453 65 0 16 5 18 0 0 0 7 0 0 0 0 0 0 0 0 0 0 0 0 0 0 0 0 0 0 0 0 0 0 0 0 0 0 0 0 0 0 0 1 0 0
1562008469 65 0 16 5 18 0 0 0 8 0 0 0 0 0 0 0 0 0 0 0 0 0 0 0 0 0 0 0 0 0 0 0 0 0 0 0 0 0 0 0 1 0 0
1562008487 65 0 16 5 18 0 0 0 9 0 0 0 0 0 0 0 0 0 0 0 0 0 0 0 0 0 0 0 0 0 0 0 0 0 0 0 0 0 0 0 1 0 0
1562779195 66 0 16 5 18 0 0 0 9 0 0 0 0 0 0 0 0 0 0 0 0 0 0 0 0 0 0 0 0 0 0 0 0 0 0 0 0 0 0 0 1 0 0
1562780936 67 0 16 5 18 0 0 0 9 0 0 0 0 0 0 0 0 0 0 0 0 0 0 0 0 0 0 0 0 0 0 0 0 0 0 0 0 0 0 0 1 0 0
1562783230 68 0 16 5 18 0 0 0 9 0 0 0 0 0 0 0 0 0 0 0 0 0 0 0 0 0 0 0 0 0 0 0 0 0 0 0 0 0 0 0 1 0 0
1562785956 69 0 16 5 18 0 0 0 9 0 0 0 0 0 0 0 0 0 0 0 0 0 0 0 0 0 0 0 0 0 0 0 0 0 0 0 0 0 0 0 1 0 0
1562787731 70 0 16 5 18 0 0 0 9 0 0 0 0 0 0 0 0 0 0 0 0 0 0 0 0 0 0 0 0 0 0 0 0 0 0 0 0 0 0 0 1 0 0
1562789659 71 0 16 5 18 0 0 0 9 0 0 0 0 0 0 0 0 0 0 0 0 0 0 0 0 0 0 0 0 0 0 0 0 0 0 0 0 0 0 0 1 0 0
1562790399 72 0 16 5 18 0 0 0 9 0 0 0 0 0 0 0 0 0 0 0 0 0 0 0 0 0 0 0 0 0 0 0 0 0 0 0 0 0 0 0 1 0 0
1562791456 73 0 16 5 18 0 0 0 9 0 0 0 0 0 0 0 0 0 0 0 0 0 0 0 0 0 0 0 0 0 0 0 0 0 0 0 0 0 0 0 1 0 0
1563194120 73 0 16 5 18 0 0 0 9 0 0 0 0 0 0 0 0 0 0 0 1 0 0 0 0 0 0 0 0 0 0 0 0 0 0 0 0 0 0 0 1 0 0
1563194243 73 0 16 5 18 0 0 0 9 0 0 0 0 0 0 0 0 0 0 0 2 0 0 0 0 0 0 0 0 0 0 0 0 0 0 0 0 0 0 0 1 0 0
1563213967 74 0 16 5 18 0 0 0 9 0 0 0 0 0 0 0 0 0 0 0 2 0 0 0 0 0 0 0 0 0 0 0 0 0 0 0 0 0 0 0 1 0 0
1563221087 75 0 16 5 18 0 0 0 9 0 0 0 0 0 0 0 0 0 0 0 2 0 0 0 0 0 0 0 0 0 0 0 0 0 0 0 0 0 0 0 1 0 0
1563221111 76 0 16 5 18 0 0 0 9 0 0 0 0 0 0 0 0 0 0 0 2 0 0 0 0 0 0 0 0 0 0 0 0 0 0 0 0 0 0 0 1 0 0
1563397006 76 0 17 5 18 0 0 0 9 0 0 0 0 0 0 0 0 0 0 0 2 0 0 0 0 0 0 0 0 0 0 0 0 0 0 0 0 0 0 0 1 0 0
1563397439 76 0 18 5 18 0 0 0 9 0 0 0 0 0 0 0 0 0 0 0 2 0 0 0 0 0 0 0 0 0 0 0 0 0 0 0 0 0 0 0 1 0 0
1563398557 76 0 19 5 18 0 0 0 9 0 0 0 0 0 0 0 0 0 0 0 2 0 0 0 0 0 0 0 0 0 0 0 0 0 0 0 0 0 0 0 1 0 0
1563399344 76 0 20 5 18 0 0 0 9 0 0 0 0 0 0 0 0 0 0 0 2 0 0 0 0 0 0 0 0 0 0 0 0 0 0 0 0 0 0 0 1 0 0
1563410316 76 0 21 5 18 0 0 0 9 0 0 0 0 0 0 0 0 0 0 0 2 0 0 0 0 0 0 0 0 0 0 0 0 0 0 0 0 0 0 0 1 0 0
1563474703 76 0 22 5 18 0 0 0 9 0 0 0 0 0 0 0 0 0 0 0 2 0 0 0 0 0 0 0 0 0 0 0 0 0 0 0 0 0 0 0 1 0 0
1563531852 76 0 22 5 18 0 1 0 9 0 0 0 0 0 0 0 0 0 0 0 2 0 0 0 0 0 0 0 0 0 0 0 0 0 0 0 0 0 0 0 1 0 0
1563531998 76 0 22 5 18 0 2 0 9 0 0 0 0 0 0 0 0 0 0 0 2 0 0 0 0 0 0 0 0 0 0 0 0 0 0 0 0 0 0 0 1 0 0
1563543906 76 0 22 6 18 0 2 0 9 0 0 0 0 0 0 0 0 0 0 0 2 0 0 0 0 0 0 0 0 0 0 0 0 0 0 0 0 0 0 0 1 0 0
1563544033 76 0 22 6 18 0 3 0 9 0 0 0 0 0 0 0 0 0 0 0 2 0 0 0 0 0 0 0 0 0 0 0 0 0 0 0 0 0 0 0 1 0 0
1563546476 76 0 22 6 18 0 4 0 9 0 0 0 0 0 0 0 0 0 0 0 2 0 0 0 0 0 0 0 0 0 0 0 0 0 0 0 0 0 0 0 1 0 0
1563549429 76 0 22 7 18 0 4 0 9 0 0 0 0 0 0 0 0 0 0 0 2 0 0 0 0 0 0 0 0 0 0 0 0 0 0 0 0 0 0 0 1 0 0
1563554095 76 0 22 8 18 0 4 0 9 0 0 0 0 0 0 0 0 0 0 0 2 0 0 0 0 0 0 0 0 0 0 0 0 0 0 0 0 0 0 0 1 0 0
1563554874 76 0 22 8 18 0 5 0 9 0 0 0 0 0 0 0 0 0 0 0 2 0 0 0 0 0 0 0 0 0 0 0 0 0 0 0 0 0 0 0 1 0 0
1563560239 76 0 22 8 18 0 6 0 9 0 0 0 0 0 0 0 0 0 0 0 2 0 0 0 0 0 0 0 0 0 0 0 0 0 0 0 0 0 0 0 1 0 0
1563560905 76 0 23 8 18 0 6 0 9 0 0 0 0 0 0 0 0 0 0 0 2 0 0 0 0 0 0 0 0 0 0 0 0 0 0 0 0 0 0 0 1 0 0
1563560958 76 0 24 8 18 0 6 0 9 0 0 0 0 0 0 0 0 0 0 0 2 0 0 0 0 0 0 0 0 0 0 0 0 0 0 0 0 0 0 0 1 0 0
1563561445 77 0 24 8 18 0 6 0 9 0 0 0 0 0 0 0 0 0 0 0 2 0 0 0 0 0 0 0 0 0 0 0 0 0 0 0 0 0 0 0 1 0 0
1563561880 77 0 24 8 18 0 7 0 9 0 0 0 0 0 0 0 0 0 0 0 2 0 0 0 0 0 0 0 0 0 0 0 0 0 0 0 0 0 0 0 1 0 0
1563750611 77 0 25 8 18 0 7 0 9 0 0 0 0 0 0 0 0 0 0 0 2 0 0 0 0 0 0 0 0 0 0 0 0 0 0 0 0 0 0 0 1 0 0
1563799122 77 0 25 9 18 0 7 0 9 0 0 0 0 0 0 0 0 0 0 0 2 0 0 0 0 0 0 0 0 0 0 0 0 0 0 0 0 0 0 0 1 0 0
1563803575 78 0 25 9 18 0 7 0 9 0 0 0 0 0 0 0 0 0 0 0 2 0 0 0 0 0 0 0 0 0 0 0 0 0 0 0 0 0 0 0 1 0 0
1563905918 78 0 26 9 18 0 7 0 9 0 0 0 0 0 0 0 0 0 0 0 2 0 0 0 0 0 0 0 0 0 0 0 0 0 0 0 0 0 0 0 1 0 0
1564107786 78 0 27 9 18 0 7 0 9 0 0 0 0 0 0 0 0 0 0 0 2 0 0 0 0 0 0 0 0 0 0 0 0 0 0 0 0 0 0 0 1 0 0
1564168954 78 0 28 9 18 0 7 0 9 0 0 0 0 0 0 0 0 0 0 0 2 0 0 0 0 0 0 0 0 0 0 0 0 0 0 0 0 0 0 0 1 0 0
1564708603 78 0 29 9 18 0 7 0 9 0 0 0 0 0 0 0 0 0 0 0 2 0 0 0 0 0 0 0 0 0 0 0 0 0 0 0 0 0 0 0 1 0 0
1564779576 79 0 29 9 18 0 7 0 9 0 0 0 0 0 0 0 0 0 0 0 2 0 0 0 0 0 0 0 0 0 0 0 0 0 0 0 0 0 0 0 1 0 0
1565064353 79 0 30 9 18 0 7 0 9 0 0 0 0 0 0 0 0 0 0 0 2 0 0 0 0 0 0 0 0 0 0 0 0 0 0 0 0 0 0 0 1 0 0
1565189678 79 0 31 9 18 0 7 0 9 0 0 0 0 0 0 0 0 0 0 0 2 0 0 0 0 0 0 0 0 0 0 0 0 0 0 0 0 0 0 0 1 0 0
1565723119 80 0 31 9 18 0 7 0 9 0 0 0 0 0 0 0 0 0 0 0 2 0 0 0 0 0 0 0 0 0 0 0 0 0 0 0 0 0 0 0 1 0 0
1565750836 81 0 31 9 18 0 7 0 9 0 0 0 0 0 0 0 0 0 0 0 2 0 0 0 0 0 0 0 0 0 0 0 0 0 0 0 0 0 0 0 1 0 0
1565793113 81 0 32 9 18 0 7 0 9 0 0 0 0 0 0 0 0 0 0 0 2 0 0 0 0 0 0 0 0 0 0 0 0 0 0 0 0 0 0 0 1 0 0
1565793184 81 0 33 9 18 0 7 0 9 0 0 0 0 0 0 0 0 0 0 0 2 0 0 0 0 0 0 0 0 0 0 0 0 0 0 0 0 0 0 0 1 0 0
1565795134 81 0 33 9 18 0 7 0 9 0 0 0 1 0 0 0 0 0 0 0 2 0 0 0 0 0 0 0 0 0 0 0 0 0 0 0 0 0 0 0 1 0 0
1565796916 81 0 34 9 18 0 7 0 9 0 0 0 1 0 0 0 0 0 0 0 2 0 0 0 0 0 0 0 0 0 0 0 0 0 0 0 0 0 0 0 1 0 0
1565797022 81 0 35 9 18 0 7 0 9 0 0 0 1 0 0 0 0 0 0 0 2 0 0 0 0 0 0 0 0 0 0 0 0 0 0 0 0 0 0 0 1 0 0
1565797858 81 0 36 9 18 0 7 0 9 0 0 0 1 0 0 0 0 0 0 0 2 0 0 0 0 0 0 0 0 0 0 0 0 0 0 0 0 0 0 0 1 0 0
1565805071 81 0 37 9 18 0 7 0 9 0 0 0 1 0 0 0 0 0 0 0 2 0 0 0 0 0 0 0 0 0 0 0 0 0 0 0 0 0 0 0 1 0 0
1565808748 81 0 38 9 18 0 7 0 9 0 0 0 1 0 0 0 0 0 0 0 2 0 0 0 0 0 0 0 0 0 0 0 0 0 0 0 0 0 0 0 1 0 0
1565833106 81 0 39 9 18 0 7 0 9 0 0 0 1 0 0 0 0 0 0 0 2 0 0 0 0 0 0 0 0 0 0 0 0 0 0 0 0 0 0 0 1 0 0
1565912680 82 0 39 9 18 0 7 0 9 0 0 0 1 0 0 0 0 0 0 0 2 0 0 0 0 0 0 0 0 0 0 0 0 0 0 0 0 0 0 0 1 0 0
1565935527 83 0 39 9 18 0 7 0 9 0 0 0 1 0 0 0 0 0 0 0 2 0 0 0 0 0 0 0 0 0 0 0 0 0 0 0 0 0 0 0 1 0 0
1565944551 84 0 39 9 18 0 7 0 9 0 0 0 1 0 0 0 0 0 0 0 2 0 0 0 0 0 0 0 0 0 0 0 0 0 0 0 0 0 0 0 1 0 0
1566240872 85 0 39 9 18 0 7 0 9 0 0 0 1 0 0 0 0 0 0 0 2 0 0 0 0 0 0 0 0 0 0 0 0 0 0 0 0 0 0 0 1 0 0
1566294818 85 0 39 9 18 0 7 0 9 0 0 0 1 0 1 0 0 0 0 0 2 0 0 0 0 0 0 0 0 0 0 0 0 0 0 0 0 0 0 0 1 0 0
1566321062 85 0 39 10 18 0 7 0 9 0 0 0 1 0 1 0 0 0 0 0 2 0 0 0 0 0 0 0 0 0 0 0 0 0 0 0 0 0 0 0 1 0 0
1566334608 85 0 40 10 18 0 7 0 9 0 0 0 1 0 1 0 0 0 0 0 2 0 0 0 0 0 0 0 0 0 0 0 0 0 0 0 0 0 0 0 1 0 0
1566408099 85 0 41 10 18 0 7 0 9 0 0 0 1 0 1 0 0 0 0 0 2 0 0 0 0 0 0 0 0 0 0 0 0 0 0 0 0 0 0 0 1 0 0
1566413511 85 0 42 10 18 0 7 0 9 0 0 0 1 0 1 0 0 0 0 0 2 0 0 0 0 0 0 0 0 0 0 0 0 0 0 0 0 0 0 0 1 0 0
1566420902 85 0 42 11 18 0 7 0 9 0 0 0 1 0 1 0 0 0 0 0 2 0 0 0 0 0 0 0 0 0 0 0 0 0 0 0 0 0 0 0 1 0 0
1566479043 86 0 42 11 18 0 7 0 9 0 0 0 1 0 1 0 0 0 0 0 2 0 0 0 0 0 0 0 0 0 0 0 0 0 0 0 0 0 0 0 1 0 0
1566828046 86 0 43 11 18 0 7 0 9 0 0 0 1 0 1 0 0 0 0 0 2 0 0 0 0 0 0 0 0 0 0 0 0 0 0 0 0 0 0 0 1 0 0
1566835513 87 0 43 11 18 0 7 0 9 0 0 0 1 0 1 0 0 0 0 0 2 0 0 0 0 0 0 0 0 0 0 0 0 0 0 0 0 0 0 0 1 0 0
1566840768 87 0 44 11 18 0 7 0 9 0 0 0 1 0 1 0 0 0 0 0 2 0 0 0 0 0 0 0 0 0 0 0 0 0 0 0 0 0 0 0 1 0 0
1566852370 88 0 44 11 18 0 7 0 9 0 0 0 1 0 1 0 0 0 0 0 2 0 0 0 0 0 0 0 0 0 0 0 0 0 0 0 0 0 0 0 1 0 0
1566855532 89 0 44 11 18 0 7 0 9 0 0 0 1 0 1 0 0 0 0 0 2 0 0 0 0 0 0 0 0 0 0 0 0 0 0 0 0 0 0 0 1 0 0
1566858052 90 0 44 11 18 0 7 0 9 0 0 0 1 0 1 0 0 0 0 0 2 0 0 0 0 0 0 0 0 0 0 0 0 0 0 0 0 0 0 0 1 0 0
1566858302 91 0 44 11 18 0 7 0 9 0 0 0 1 0 1 0 0 0 0 0 2 0 0 0 0 0 0 0 0 0 0 0 0 0 0 0 0 0 0 0 1 0 0
1566864190 92 0 44 11 18 0 7 0 9 0 0 0 1 0 1 0 0 0 0 0 2 0 0 0 0 0 0 0 0 0 0 0 0 0 0 0 0 0 0 0 1 0 0
1566864520 93 0 44 11 18 0 7 0 9 0 0 0 1 0 1 0 0 0 0 0 2 0 0 0 0 0 0 0 0 0 0 0 0 0 0 0 0 0 0 0 1 0 0
1566865388 94 0 44 11 18 0 7 0 9 0 0 0 1 0 1 0 0 0 0 0 2 0 0 0 0 0 0 0 0 0 0 0 0 0 0 0 0 0 0 0 1 0 0
1566869995 95 0 44 11 18 0 7 0 9 0 0 0 1 0 1 0 0 0 0 0 2 0 0 0 0 0 0 0 0 0 0 0 0 0 0 0 0 0 0 0 1 0 0
1566934125 96 0 44 11 18 0 7 0 9 0 0 0 1 0 1 0 0 0 0 0 2 0 0 0 0 0 0 0 0 0 0 0 0 0 0 0 0 0 0 0 1 0 0
1567018806 97 0 44 11 18 0 7 0 9 0 0 0 1 0 1 0 0 0 0 0 2 0 0 0 0 0 0 0 0 0 0 0 0 0 0 0 0 0 0 0 1 0 0
1567021300 98 0 44 11 18 0 7 0 9 0 0 0 1 0 1 0 0 0 0 0 2 0 0 0 0 0 0 0 0 0 0 0 0 0 0 0 0 0 0 0 1 0 0
1567021693 99 0 44 11 18 0 7 0 9 0 0 0 1 0 1 0 0 0 0 0 2 0 0 0 0 0 0 0 0 0 0 0 0 0 0 0 0 0 0 0 1 0 0
1567022160 100 0 44 11 18 0 7 0 9 0 0 0 1 0 1 0 0 0 0 0 2 0 0 0 0 0 0 0 0 0 0 0 0 0 0 0 0 0 0 0 1 0 0
1567022638 101 0 44 11 18 0 7 0 9 0 0 0 1 0 1 0 0 0 0 0 2 0 0 0 0 0 0 0 0 0 0 0 0 0 0 0 0 0 0 0 1 0 0
1567023350 102 0 44 11 18 0 7 0 9 0 0 0 1 0 1 0 0 0 0 0 2 0 0 0 0 0 0 0 0 0 0 0 0 0 0 0 0 0 0 0 1 0 0
1567024676 103 0 44 11 18 0 7 0 9 0 0 0 1 0 1 0 0 0 0 0 2 0 0 0 0 0 0 0 0 0 0 0 0 0 0 0 0 0 0 0 1 0 0
1567029694 104 0 44 11 18 0 7 0 9 0 0 0 1 0 1 0 0 0 0 0 2 0 0 0 0 0 0 0 0 0 0 0 0 0 0 0 0 0 0 0 1 0 0
1567043801 104 0 45 11 18 0 7 0 9 0 0 0 1 0 1 0 0 0 0 0 2 0 0 0 0 0 0 0 0 0 0 0 0 0 0 0 0 0 0 0 1 0 0
1567045133 105 0 45 11 18 0 7 0 9 0 0 0 1 0 1 0 0 0 0 0 2 0 0 0 0 0 0 0 0 0 0 0 0 0 0 0 0 0 0 0 1 0 0
1567050994 105 0 46 11 18 0 7 0 9 0 0 0 1 0 1 0 0 0 0 0 2 0 0 0 0 0 0 0 0 0 0 0 0 0 0 0 0 0 0 0 1 0 0
1567051350 105 0 47 11 18 0 7 0 9 0 0 0 1 0 1 0 0 0 0 0 2 0 0 0 0 0 0 0 0 0 0 0 0 0 0 0 0 0 0 0 1 0 0
1567074246 106 0 47 11 18 0 7 0 9 0 0 0 1 0 1 0 0 0 0 0 2 0 0 0 0 0 0 0 0 0 0 0 0 0 0 0 0 0 0 0 1 0 0
1567082766 106 0 48 11 18 0 7 0 9 0 0 0 1 0 1 0 0 0 0 0 2 0 0 0 0 0 0 0 0 0 0 0 0 0 0 0 0 0 0 0 1 0 0
1567084565 106 0 49 11 18 0 7 0 9 0 0 0 1 0 1 0 0 0 0 0 2 0 0 0 0 0 0 0 0 0 0 0 0 0 0 0 0 0 0 0 1 0 0
1567086651 107 0 49 11 18 0 7 0 9 0 0 0 1 0 1 0 0 0 0 0 2 0 0 0 0 0 0 0 0 0 0 0 0 0 0 0 0 0 0 0 1 0 0
1567102022 107 0 50 11 18 0 7 0 9 0 0 0 1 0 1 0 0 0 0 0 2 0 0 0 0 0 0 0 0 0 0 0 0 0 0 0 0 0 0 0 1 0 0
1567102197 107 0 51 11 18 0 7 0 9 0 0 0 1 0 1 0 0 0 0 0 2 0 0 0 0 0 0 0 0 0 0 0 0 0 0 0 0 0 0 0 1 0 0
1567174513 107 0 52 11 18 0 7 0 9 0 0 0 1 0 1 0 0 0 0 0 2 0 0 0 0 0 0 0 0 0 0 0 0 0 0 0 0 0 0 0 1 0 0
1567487462 108 0 52 11 18 0 7 0 9 0 0 0 1 0 1 0 0 0 0 0 2 0 0 0 0 0 0 0 0 0 0 0 0 0 0 0 0 0 0 0 1 0 0
1567635572 109 0 52 11 18 0 7 0 9 0 0 0 1 0 1 0 0 0 0 0 2 0 0 0 0 0 0 0 0 0 0 0 0 0 0 0 0 0 0 0 1 0 0
1567712613 110 0 52 11 18 0 7 0 9 0 0 0 1 0 1 0 0 0 0 0 2 0 0 0 0 0 0 0 0 0 0 0 0 0 0 0 0 0 0 0 1 0 0
1567713962 111 0 52 11 18 0 7 0 9 0 0 0 1 0 1 0 0 0 0 0 2 0 0 0 0 0 0 0 0 0 0 0 0 0 0 0 0 0 0 0 1 0 0
1567794574 112 0 52 11 18 0 7 0 9 0 0 0 1 0 1 0 0 0 0 0 2 0 0 0 0 0 0 0 0 0 0 0 0 0 0 0 0 0 0 0 1 0 0
1567798215 113 0 52 11 18 0 7 0 9 0 0 0 1 0 1 0 0 0 0 0 2 0 0 0 0 0 0 0 0 0 0 0 0 0 0 0 0 0 0 0 1 0 0
1568224021 113 0 53 11 18 0 7 0 9 0 0 0 1 0 1 0 0 0 0 0 2 0 0 0 0 0 0 0 0 0 0 0 0 0 0 0 0 0 0 0 1 0 0
1568322104 113 0 54 11 18 0 7 0 9 0 0 0 1 0 1 0 0 0 0 0 2 0 0 0 0 0 0 0 0 0 0 0 0 0 0 0 0 0 0 0 1 0 0
1568367775 113 0 54 11 18 0 7 0 9 0 0 0 1 0 2 0 0 0 0 0 2 0 0 0 0 0 0 0 0 0 0 0 0 0 0 0 0 0 0 0 1 0 0
1568649898 113 0 55 11 18 0 7 0 9 0 0 0 1 0 2 0 0 0 0 0 2 0 0 0 0 0 0 0 0 0 0 0 0 0 0 0 0 0 0 0 1 0 0
1568867233 113 4 56 11 18 0 7 0 9 0 0 0 1 0 2 0 0 0 0 0 2 0 2 0 0 0 0 0 0 0 0 0 0 0 0 0 0 0 0 0 1 0 0
1568900217 113 5 56 11 18 0 7 0 9 0 0 0 1 0 2 0 0 0 0 0 2 0 2 0 0 0 0 0 0 0 0 0 0 0 0 0 0 0 0 0 1 0 0
1568900508 113 6 56 11 18 0 7 0 9 0 0 0 1 0 2 0 0 0 0 0 2 0 2 0 0 0 0 0 0 0 0 0 0 0 0 0 0 0 0 0 1 0 0
1568902896 113 7 56 11 18 0 7 0 9 0 0 0 1 0 2 0 0 0 0 0 2 0 2 0 0 0 0 0 0 0 0 0 0 0 0 0 0 0 0 0 1 0 0
1569148415 113 8 56 11 18 0 7 0 9 0 0 0 1 0 2 0 0 0 0 0 2 0 2 0 0 0 0 0 0 0 0 0 0 0 0 0 0 0 0 0 1 0 0
1569149295 113 9 56 11 18 0 7 0 9 0 0 0 1 0 2 0 0 0 0 0 2 0 2 0 0 0 0 0 0 0 0 0 0 0 0 0 0 0 0 0 1 0 0
1569264149 114 9 56 11 18 0 7 0 9 0 0 0 1 0 2 0 0 0 0 0 2 0 2 0 0 0 0 0 0 0 0 0 0 0 0 0 0 0 0 0 1 0 0
1569268821 115 9 56 11 18 0 7 0 9 0 0 0 1 0 2 0 0 0 0 0 2 0 2 0 0 0 0 0 0 0 0 0 0 0 0 0 0 0 0 0 1 0 0
1569291380 116 9 56 11 18 0 7 0 9 0 0 0 1 0 2 0 0 0 0 0 2 0 2 0 0 0 0 0 0 0 0 0 0 0 0 0 0 0 0 0 1 0 0
1569353102 116 9 57 11 18 0 7 0 9 0 0 0 1 0 2 0 0 0 0 0 2 0 2 0 0 0 0 0 0 0 0 0 0 0 0 0 0 0 0 0 1 0 0
1569353342 117 9 57 11 18 0 7 0 9 0 0 0 1 0 2 0 0 0 0 0 2 0 2 0 0 0 0 0 0 0 0 0 0 0 0 0 0 0 0 0 1 0 0
1569356713 117 9 58 11 18 0 7 0 9 0 0 0 1 0 2 0 0 0 0 0 2 0 2 0 0 0 0 0 0 0 0 0 0 0 0 0 0 0 0 0 1 0 0
1569358514 118 9 58 11 18 0 7 0 9 0 0 0 1 0 2 0 0 0 0 0 2 0 2 0 0 0 0 0 0 0 0 0 0 0 0 0 0 0 0 0 1 0 0
1569378098 119 9 58 11 18 0 7 0 9 0 0 0 1 0 2 0 0 0 0 0 2 0 2 0 0 0 0 0 0 0 0 0 0 0 0 0 0 0 0 0 1 0 0
1569431311 120 9 58 11 18 0 7 0 9 0 0 0 1 0 2 0 0 0 0 0 2 0 2 0 0 0 0 0 0 0 0 0 0 0 0 0 0 0 0 0 1 0 0
1569431671 121 9 58 11 18 0 7 0 9 0 0 0 1 0 2 0 0 0 0 0 2 0 2 0 0 0 0 0 0 0 0 0 0 0 0 0 0 0 0 0 1 0 0
1569431995 121 9 59 11 18 0 7 0 9 0 0 0 1 0 2 0 0 0 0 0 2 0 2 0 0 0 0 0 0 0 0 0 0 0 0 0 0 0 0 0 1 0 0
1569435183 121 9 60 11 18 0 7 0 9 0 0 0 1 0 2 0 0 0 0 0 2 0 2 0 0 0 0 0 0 0 0 0 0 0 0 0 0 0 0 0 1 0 0
1569469544 121 9 61 11 18 0 7 0 9 0 0 0 1 0 2 0 0 0 0 0 2 0 2 0 0 0 0 0 0 0 0 0 0 0 0 0 0 0 0 0 1 0 0
1569575797 121 10 61 11 18 0 7 0 9 0 0 0 1 0 2 0 0 0 0 0 2 0 2 0 0 0 0 0 0 0 0 0 0 0 0 0 0 0 0 0 1 0 0
1569576167 121 11 61 11 18 0 7 0 9 0 0 0 1 0 2 0 0 0 0 0 2 0 2 0 0 0 0 0 0 0 0 0 0 0 0 0 0 0 0 0 1 0 0
1569576185 121 12 61 11 18 0 7 0 9 0 0 0 1 0 2 0 0 0 0 0 2 0 2 0 0 0 0 0 0 0 0 0 0 0 0 0 0 0 0 0 1 0 0
1569576829 121 13 61 11 18 0 7 0 9 0 0 0 1 0 2 0 0 0 0 0 2 0 2 0 0 0 0 0 0 0 0 0 0 0 0 0 0 0 0 0 1 0 0
1569576856 121 14 61 11 18 0 7 0 9 0 0 0 1 0 2 0 0 0 0 0 2 0 2 0 0 0 0 0 0 0 0 0 0 0 0 0 0 0 0 0 1 0 0
1569578431 121 15 61 11 18 0 7 0 9 0 0 0 1 0 2 0 0 0 0 0 2 0 2 0 0 0 0 0 0 0 0 0 0 0 0 0 0 0 0 0 1 0 0
1569964089 121 15 61 12 18 0 7 0 9 0 0 0 1 0 2 0 0 0 0 0 2 0 2 0 0 0 0 0 0 0 0 0 0 0 0 0 0 0 0 0 1 0 0
1569982442 122 15 61 12 18 0 7 0 9 0 0 0 1 0 2 0 0 0 0 0 2 0 2 0 0 0 0 0 0 0 0 0 0 0 0 0 0 0 0 0 1 0 0
1570263606 122 16 61 12 18 0 7 0 9 0 0 0 1 0 2 0 0 0 0 0 2 0 2 0 0 0 0 0 0 0 0 0 0 0 0 0 0 0 0 0 1 0 0
1570263808 122 17 61 12 18 0 7 0 9 0 0 0 1 0 2 0 0 0 0 0 2 0 2 0 0 0 0 0 0 0 0 0 0 0 0 0 0 0 0 0 1 0 0
1570264645 122 18 61 12 18 0 7 0 9 0 0 0 1 0 2 0 0 0 0 0 2 0 2 0 0 0 0 0 0 0 0 0 0 0 0 0 0 0 0 0 1 0 0
1570265331 122 19 61 12 18 0 7 0 9 0 0 0 1 0 2 0 0 0 0 0 2 0 2 0 0 0 0 0 0 0 0 0 0 0 0 0 0 0 0 0 1 0 0
1570266109 122 20 61 12 18 0 7 0 9 0 0 0 1 0 2 0 0 0 0 0 2 0 2 0 0 0 0 0 0 0 0 0 0 0 0 0 0 0 0 0 1 0 0
1570267233 122 21 61 12 18 0 7 0 9 0 0 0 1 0 2 0 0 0 0 0 2 0 2 0 0 0 0 0 0 0 0 0 0 0 0 0 0 0 0 0 1 0 0
1570272026 122 22 61 12 18 0 7 0 9 0 0 0 1 0 2 0 0 0 0 0 2 0 2 0 0 0 0 0 0 0 0 0 0 0 0 0 0 0 0 0 1 0 0
1570273131 122 23 61 12 18 0 7 0 9 0 0 0 1 0 2 0 0 0 0 0 2 0 2 0 0 0 0 0 0 0 0 0 0 0 0 0 0 0 0 0 1 0 0
1570273153 122 24 61 12 18 0 7 0 9 0 0 0 1 0 2 0 0 0 0 0 2 0 2 0 0 0 0 0 0 0 0 0 0 0 0 0 0 0 0 0 1 0 0
1570473471 123 24 61 12 18 0 7 0 9 0 0 0 1 0 2 0 0 0 0 0 2 0 2 0 0 0 0 0 0 0 0 0 0 0 0 0 0 0 0 0 1 0 0
1570562774 123 25 61 12 18 0 7 0 9 0 0 0 1 0 2 0 0 0 0 0 2 0 2 0 0 0 0 0 0 0 0 0 0 0 0 0 0 0 0 0 1 0 0
1570563325 123 26 61 12 18 0 7 0 9 0 0 0 1 0 2 0 0 0 0 0 2 0 2 0 0 0 0 0 0 0 0 0 0 0 0 0 0 0 0 0 1 0 0
1570563487 123 27 61 12 18 0 7 0 9 0 0 0 1 0 2 0 0 0 0 0 2 0 2 0 0 0 0 0 0 0 0 0 0 0 0 0 0 0 0 0 1 0 0
1570566355 124 27 61 12 18 0 7 0 9 0 0 0 1 0 2 0 0 0 0 0 2 0 2 0 0 0 0 0 0 0 0 0 0 0 0 0 0 0 0 0 1 0 0
1570569050 125 27 61 12 18 0 7 0 9 0 0 0 1 0 2 0 0 0 0 0 2 0 2 0 0 0 0 0 0 0 0 0 0 0 0 0 0 0 0 0 1 0 0
1570569995 126 27 61 12 18 0 7 0 9 0 0 0 1 0 2 0 0 0 0 0 2 0 2 0 0 0 0 0 0 0 0 0 0 0 0 0 0 0 0 0 1 0 0
1570636810 127 27 61 12 18 0 7 0 9 0 0 0 1 0 2 0 0 0 0 0 2 0 2 0 0 0 0 0 0 0 0 0 0 0 0 0 0 0 0 0 1 0 0
1571060209 128 27 61 12 18 0 7 0 9 0 0 0 1 0 2 0 0 0 0 0 2 0 2 0 0 0 0 0 0 0 0 0 0 0 0 0 0 0 0 0 1 0 0
1571065206 129 27 61 12 18 0 7 0 9 0 0 0 1 0 2 0 0 0 0 0 2 0 2 0 0 0 0 0 0 0 0 0 0 0 0 0 0 0 0 0 1 0 0
1571432066 130 27 61 12 18 0 7 0 9 0 0 0 1 0 2 0 0 0 0 0 2 0 2 0 0 0 0 0 0 0 0 0 0 0 0 0 0 0 0 0 1 0 0
1571434539 131 27 61 12 18 0 7 0 9 0 0 0 1 0 2 0 0 0 0 0 2 0 2 0 0 0 0 0 0 0 0 0 0 0 0 0 0 0 0 0 1 0 0
1571816504 131 27 61 12 18 0 7 0 9 0 0 0 1 0 3 0 0 0 0 0 2 0 2 0 0 0 0 0 0 0 0 0 0 0 0 0 0 0 0 0 1 0 0
1572031942 131 27 62 12 18 0 7 0 9 0 0 0 1 0 3 0 0 0 0 0 2 0 2 0 0 0 0 0 0 0 0 0 0 0 0 0 0 0 0 0 1 0 0
1572286951 132 27 62 12 18 0 7 0 9 0 0 0 1 0 3 0 0 0 0 0 2 0 2 0 0 0 0 0 0 0 0 0 0 0 0 0 0 0 0 0 1 0 0
1572289876 133 27 62 12 18 0 7 0 9 0 0 0 1 0 3 0 0 0 0 0 2 0 2 0 0 0 0 0 0 0 0 0 0 0 0 0 0 0 0 0 1 0 0
1572372539 133 27 62 12 18 0 7 0 9 0 0 0 1 0 3 0 0 0 0 0 2 0 2 0 0 0 0 0 0 0 0 0 0 0 0 0 0 0 1 0 1 0 0
1572632067 133 27 62 13 18 0 7 0 9 0 0 0 1 0 3 0 0 0 0 0 2 0 2 0 0 0 0 0 0 0 0 0 0 0 0 0 0 0 1 0 1 0 0
1572642340 134 27 62 13 18 0 7 0 9 0 0 0 1 0 3 0 0 0 0 0 2 0 2 0 0 0 0 0 0 0 0 0 0 0 0 0 0 0 1 0 1 0 0
1573079507 135 27 62 13 18 0 7 0 9 0 0 0 1 0 3 0 0 0 0 0 2 0 2 0 0 0 0 0 0 0 0 0 0 0 0 0 0 0 1 0 1 0 0
1573137026 136 27 62 13 18 0 7 0 9 0 0 0 1 0 3 0 0 0 0 0 2 0 2 0 0 0 0 0 0 0 0 0 0 0 0 0 0 0 1 0 1 0 0
1573158978 137 27 62 13 18 0 7 0 9 0 0 0 1 0 3 0 0 0 0 0 2 0 2 0 0 0 0 0 0 0 0 0 0 0 0 0 0 0 1 0 1 0 0
1573164740 138 27 62 13 18 0 7 0 9 0 0 0 1 0 3 0 0 0 0 0 2 0 2 0 0 0 0 0 0 0 0 0 0 0 0 0 0 0 1 0 1 0 0
1573164907 139 27 62 13 18 0 7 0 9 0 0 0 1 0 3 0 0 0 0 0 2 0 2 0 0 0 0 0 0 0 0 0 0 0 0 0 0 0 1 0 1 0 0
1573167545 140 27 62 13 18 0 7 0 9 0 0 0 1 0 3 0 0 0 0 0 2 0 2 0 0 0 0 0 0 0 0 0 0 0 0 0 0 0 1 0 1 0 0
1573249480 141 27 62 13 18 0 7 0 9 0 0 0 1 0 3 0 0 0 0 0 2 0 2 0 0 0 0 0 0 0 0 0 0 0 0 0 0 0 1 0 1 0 0
1573271464 142 27 62 13 18 0 7 0 9 0 0 0 1 0 3 0 0 0 0 0 2 0 2 0 0 0 0 0 0 0 0 0 0 0 0 0 0 0 1 0 1 0 0
1573271625 143 27 62 13 18 0 7 0 9 0 0 0 1 0 3 0 0 0 0 0 2 0 2 0 0 0 0 0 0 0 0 0 0 0 0 0 0 0 1 0 1 0 0
1573848062 144 27 62 13 18 0 7 0 9 0 0 0 1 0 3 0 0 0 0 0 2 0 2 0 0 0 0 0 0 0 0 0 0 0 0 0 0 0 1 0 1 0 0
1573858452 145 27 62 13 18 0 7 0 9 0 0 0 1 0 3 0 0 0 0 0 2 0 2 0 0 0 0 0 0 0 0 0 0 0 0 0 0 0 1 0 1 0 0
1574614536 146 27 62 13 18 0 7 0 9 0 0 0 1 0 3 0 0 0 0 0 2 0 2 0 0 0 0 0 0 0 0 0 0 0 0 0 0 0 1 0 1 0 0
1574690269 146 27 62 14 18 0 7 0 9 0 0 0 1 0 3 0 0 0 0 0 2 0 2 0 0 0 0 0 0 0 0 0 0 0 0 0 0 0 1 0 1 0 0
1574870726 146 27 62 14 19 0 7 0 9 0 0 0 1 0 3 0 0 0 0 0 2 0 2 0 0 0 0 0 0 0 0 0 0 0 0 0 0 0 1 0 1 0 0
1574904558 146 27 62 14 20 0 7 0 9 0 0 0 1 0 3 0 0 0 0 0 2 0 2 0 0 0 0 0 0 0 0 0 0 0 0 0 0 0 1 0 1 0 0
1575584931 146 27 62 14 21 0 7 0 9 0 0 0 1 0 3 0 0 0 0 0 2 0 2 0 0 0 0 0 0 0 0 0 0 0 0 0 0 0 1 0 1 0 0
1575601789 146 27 62 14 22 0 7 0 9 0 0 0 1 0 3 0 0 0 0 0 2 0 2 0 0 0 0 0 0 0 0 0 0 0 0 0 0 0 1 0 1 0 0
1575659022 147 27 62 14 22 0 7 0 9 0 0 0 1 0 3 0 0 0 0 0 2 0 2 0 0 0 0 0 0 0 0 0 0 0 0 0 0 0 1 0 1 0 0
1575900576 147 27 62 14 22 0 7 0 9 0 0 1 1 0 3 0 0 0 0 0 2 0 2 0 0 0 0 0 0 0 0 0 0 0 0 0 0 0 1 0 1 0 0
1575901338 147 27 62 14 22 0 7 0 9 0 0 2 1 0 3 0 0 0 0 0 2 0 2 0 0 0 0 0 0 0 0 0 0 0 0 0 0 0 1 0 1 0 0
1575910956 148 27 62 14 22 0 7 0 9 0 0 2 1 0 3 0 0 0 0 0 2 0 2 0 0 0 0 0 0 0 0 0 0 0 0 0 0 0 1 0 1 0 0
1575979976 148 27 62 14 22 0 7 0 9 0 0 2 1 0 4 0 0 0 0 0 2 0 2 0 0 0 0 0 0 0 0 0 0 0 0 0 0 0 1 0 1 0 0
1576083312 148 27 62 14 22 0 7 0 9 0 0 3 1 0 4 0 0 0 0 0 2 0 2 0 0 0 0 0 0 0 0 0 0 0 0 0 0 0 1 0 1 0 0
1576084751 149 27 62 14 22 0 7 0 9 0 0 3 1 0 4 0 0 0 0 0 2 0 2 0 0 0 0 0 0 0 0 0 0 0 0 0 0 0 1 0 1 0 0
1576603828 150 27 62 14 22 0 7 0 9 0 0 3 1 0 4 0 0 0 0 0 2 0 2 0 0 0 0 0 0 0 0 0 0 0 0 0 0 0 1 0 1 0 0
1576611944 150 27 62 15 22 0 7 0 9 0 0 3 1 0 4 0 0 0 0 0 2 0 2 0 0 0 0 0 0 0 0 0 0 0 0 0 0 0 1 0 1 0 0
1576617305 151 27 62 15 22 0 7 0 9 0 0 3 1 0 4 0 0 0 0 0 2 0 2 0 0 0 0 0 0 0 0 0 0 0 0 0 0 0 1 0 1 0 0
1576619305 152 27 62 15 22 0 7 0 9 0 0 3 1 0 4 0 0 0 0 0 2 0 2 0 0 0 0 0 0 0 0 0 0 0 0 0 0 0 1 0 1 0 0
1576619452 153 27 62 15 22 0 7 0 9 0 0 3 1 0 4 0 0 0 0 0 2 0 2 0 0 0 0 0 0 0 0 0 0 0 0 0 0 0 1 0 1 0 0
1576878177 154 27 62 15 22 0 7 0 9 0 0 3 1 0 4 0 0 0 0 0 2 0 2 0 0 0 0 0 0 0 0 0 0 0 0 0 0 0 1 0 1 0 0
1576882123 155 27 62 15 22 0 7 0 9 0 0 3 1 0 4 0 0 0 0 0 2 0 2 0 0 0 0 0 0 0 0 0 0 0 0 0 0 0 1 0 1 0 0
1576894437 156 27 62 15 22 0 7 0 9 0 0 3 1 0 4 0 0 0 0 0 2 0 2 0 0 0 0 0 0 0 0 0 0 0 0 0 0 0 1 0 1 0 0
1576943372 157 27 62 15 22 0 7 0 9 0 0 3 1 0 4 0 0 0 0 0 2 0 2 0 0 0 0 0 0 0 0 0 0 0 0 0 0 0 1 0 1 0 0
1576945321 158 27 62 15 22 0 7 0 9 0 0 3 1 0 4 0 0 0 0 0 2 0 2 0 0 0 0 0 0 0 0 0 0 0 0 0 0 0 1 0 1 0 0
1577398049 159 27 62 15 22 0 7 0 9 0 0 3 1 0 4 0 0 0 0 0 2 0 2 0 0 0 0 0 0 0 0 0 0 0 0 0 0 0 1 0 1 0 0
1577399462 160 27 62 15 22 0 7 0 9 0 0 3 1 0 4 0 0 0 0 0 2 0 2 0 0 0 0 0 0 0 0 0 0 0 0 0 0 0 1 0 1 0 0
1577458204 161 27 62 15 22 0 7 0 9 0 0 3 1 0 4 0 0 0 0 0 2 0 2 0 0 0 0 0 0 0 0 0 0 0 0 0 0 0 1 0 1 0 0
1577461030 162 27 62 15 22 0 7 0 9 0 0 3 1 0 4 0 0 0 0 0 2 0 2 0 0 0 0 0 0 0 0 0 0 0 0 0 0 0 1 0 1 0 0
1577461874 163 27 62 15 22 0 7 0 9 0 0 3 1 0 4 0 0 0 0 0 2 0 2 0 0 0 0 0 0 0 0 0 0 0 0 0 0 0 1 0 1 0 0
1577739766 164 27 62 15 22 0 7 0 9 0 0 3 1 0 4 0 0 0 0 0 2 0 2 0 0 0 0 0 0 0 0 0 0 0 0 0 0 0 1 0 1 0 0
1577995884 165 27 62 15 22 0 7 0 9 0 0 3 1 0 4 0 0 0 0 0 2 0 2 0 0 0 0 0 0 0 0 0 0 0 0 0 0 0 1 0 1 0 0
1578069971 166 27 62 15 22 0 7 0 9 0 0 3 1 0 4 0 0 0 0 0 2 0 2 0 0 0 0 0 0 0 0 0 0 0 0 0 0 0 1 0 1 0 0
1578077415 167 27 62 15 22 0 7 0 9 0 0 3 1 0 4 0 0 0 0 0 2 0 2 0 0 0 0 0 0 0 0 0 0 0 0 0 0 0 1 0 1 0 0
1578078413 168 27 62 15 22 0 7 0 9 0 0 3 1 0 4 0 0 0 0 0 2 0 2 0 0 0 0 0 0 0 0 0 0 0 0 0 0 0 1 0 1 0 0
1578084070 169 27 62 15 22 0 7 0 9 0 0 3 1 0 4 0 0 0 0 0 2 0 2 0 0 0 0 0 0 0 0 0 0 0 0 0 0 0 1 0 1 0 0
1578084843 170 27 62 15 22 0 7 0 9 0 0 3 1 0 4 0 0 0 0 0 2 0 2 0 0 0 0 0 0 0 0 0 0 0 0 0 0 0 1 0 1 0 0
1578087280 171 27 62 15 22 0 7 0 9 0 0 3 1 0 4 0 0 0 0 0 2 0 2 0 0 0 0 0 0 0 0 0 0 0 0 0 0 0 1 0 1 0 0
1578087305 172 27 62 15 22 0 7 0 9 0 0 3 1 0 4 0 0 0 0 0 2 0 2 0 0 0 0 0 0 0 0 0 0 0 0 0 0 0 1 0 1 0 0
1578088900 173 27 62 15 22 0 7 0 9 0 0 3 1 0 4 0 0 0 0 0 2 0 2 0 0 0 0 0 0 0 0 0 0 0 0 0 0 0 1 0 1 0 0
1578089039 174 27 62 15 22 0 7 0 9 0 0 3 1 0 4 0 0 0 0 0 2 0 2 0 0 0 0 0 0 0 0 0 0 0 0 0 0 0 1 0 1 0 0
1578163103 175 27 62 15 22 0 7 0 9 0 0 3 1 0 4 0 0 0 0 0 2 0 2 0 0 0 0 0 0 0 0 0 0 0 0 0 0 0 1 0 1 0 0
1578240605 176 27 62 15 22 0 7 0 9 0 0 3 1 0 4 0 0 0 0 0 2 0 2 0 0 0 0 0 0 0 0 0 0 0 0 0 0 0 1 0 1 0 0
1578322802 177 27 62 15 22 0 7 0 9 0 0 3 1 0 4 0 0 0 0 0 2 0 2 0 0 0 0 0 0 0 0 0 0 0 0 0 0 0 1 0 1 0 0
1578324490 178 27 62 15 22 0 7 0 9 0 0 3 1 0 4 0 0 0 0 0 2 0 2 0 0 0 0 0 0 0 0 0 0 0 0 0 0 0 1 0 1 0 0
1578348772 179 27 62 15 22 0 7 0 9 0 0 3 1 0 4 0 0 0 0 0 2 0 2 0 0 0 0 0 0 0 0 0 0 0 0 0 0 0 1 0 1 0 0
1578439442 180 27 62 15 22 0 7 0 9 0 0 3 1 0 4 0 0 0 0 0 2 0 2 0 0 0 0 0 0 0 0 0 0 0 0 0 0 0 1 0 1 0 0
1578440707 181 27 62 15 22 0 7 0 9 0 0 3 1 0 4 0 0 0 0 0 2 0 2 0 0 0 0 0 0 0 0 0 0 0 0 0 0 0 1 0 1 0 0
1578440930 182 27 62 15 22 0 7 0 9 0 0 3 1 0 4 0 0 0 0 0 2 0 2 0 0 0 0 0 0 0 0 0 0 0 0 0 0 0 1 0 1 0 0
1578661607 182 27 62 15 22 0 7 0 9 0 0 4 1 0 4 0 0 0 0 0 2 0 2 0 0 0 0 0 0 0 0 0 0 0 0 0 0 0 1 0 1 0 0
1578662104 182 27 62 15 22 0 7 0 9 0 0 5 1 0 4 0 0 0 0 0 2 0 2 0 0 0 0 0 0 0 0 0 0 0 0 0 0 0 1 0 1 0 0
1578668511 182 27 62 15 22 0 7 0 9 0 0 6 1 0 4 0 0 0 0 0 2 0 2 0 0 0 0 0 0 0 0 0 0 0 0 0 0 0 1 0 1 0 0
1578671819 182 27 62 15 22 0 7 0 9 0 0 7 1 0 4 0 0 0 0 0 2 0 2 0 0 0 0 0 0 0 0 0 0 0 0 0 0 0 1 0 1 0 0
1578684630 182 27 62 16 22 0 7 0 9 0 0 7 1 0 4 0 0 0 0 0 2 0 2 0 0 0 0 0 0 0 0 0 0 0 0 0 0 0 1 0 1 0 0
1578686032 183 27 62 16 22 0 7 0 9 0 0 7 1 0 4 0 0 0 0 0 2 0 2 0 0 0 0 0 0 0 0 0 0 0 0 0 0 0 1 0 1 0 0
1578686084 184 27 62 16 22 0 7 0 9 0 0 7 1 0 4 0 0 0 0 0 2 0 2 0 0 0 0 0 0 0 0 0 0 0 0 0 0 0 1 0 1 0 0
1578933567 185 27 62 16 22 0 7 0 9 0 0 7 1 0 4 0 0 0 0 0 2 0 2 0 0 0 0 0 0 0 0 0 0 0 0 0 0 0 1 0 1 0 0
1578946792 186 27 62 16 22 0 7 0 9 0 0 7 1 0 4 0 0 0 0 0 2 0 2 0 0 0 0 0 0 0 0 0 0 0 0 0 0 0 1 0 1 0 0
1578950923 187 27 62 16 22 0 7 0 9 0 0 7 1 0 4 0 0 0 0 0 2 0 2 0 0 0 0 0 0 0 0 0 0 0 0 0 0 0 1 0 1 0 0
1579194438 187 27 62 16 23 0 7 0 9 0 0 7 1 0 4 0 0 0 0 0 2 0 2 0 0 0 0 0 0 0 0 0 0 0 0 0 0 0 1 0 1 0 0
1579196827 188 27 62 16 23 0 7 0 9 0 0 7 1 0 4 0 0 0 0 0 2 0 2 0 0 0 0 0 0 0 0 0 0 0 0 0 0 0 1 0 1 0 0
1579198944 188 27 62 17 23 0 7 0 9 0 0 7 1 0 4 0 0 0 0 0 2 0 2 0 0 0 0 0 0 0 0 0 0 0 0 0 0 0 1 0 1 0 0
1579204909 189 27 62 17 23 0 7 0 9 0 0 7 1 0 4 0 0 0 0 0 2 0 2 0 0 0 0 0 0 0 0 0 0 0 0 0 0 0 1 0 1 0 0
1579205172 190 27 62 17 23 0 7 0 9 0 0 7 1 0 4 0 0 0 0 0 2 0 2 0 0 0 0 0 0 0 0 0 0 0 0 0 0 0 1 0 1 0 0
1579213485 191 27 62 17 23 0 7 0 9 0 0 7 1 0 4 0 0 0 0 0 2 0 2 0 0 0 0 0 0 0 0 0 0 0 0 0 0 0 1 0 1 0 0
1579805636 192 27 62 17 23 0 7 0 9 0 0 7 1 0 4 0 0 0 0 0 2 0 2 0 0 0 0 0 0 0 0 0 0 0 0 0 0 0 1 0 1 0 0
1579818111 193 27 62 17 23 0 7 0 9 0 0 7 1 0 4 0 0 0 0 0 2 0 2 0 0 0 0 0 0 0 0 0 0 0 0 0 0 0 1 0 1 0 0
1579907720 193 27 62 17 24 0 7 0 9 0 0 7 1 0 4 0 0 0 0 0 2 0 2 0 0 0 0 0 0 0 0 0 0 0 0 0 0 0 1 0 1 0 0
1579979398 193 27 62 17 25 0 7 0 9 0 0 7 1 0 4 0 0 0 0 0 2 0 2 0 0 0 0 0 0 0 0 0 0 0 0 0 0 0 1 0 1 0 0
1579979877 193 27 62 17 26 0 7 0 9 0 0 7 1 0 4 0 0 0 0 0 2 0 2 0 0 0 0 0 0 0 0 0 0 0 0 0 0 0 1 0 1 0 0
1580145500 194 27 62 17 26 0 7 0 9 0 0 7 1 0 4 0 0 0 0 0 2 0 2 0 0 0 0 0 0 0 0 0 0 0 0 0 0 0 1 0 1 0 0
1580147884 195 27 62 17 26 0 7 0 9 0 0 7 1 0 4 0 0 0 0 0 2 0 2 0 0 0 0 0 0 0 0 0 0 0 0 0 0 0 1 0 1 0 0
1580162340 195 27 62 17 27 0 7 0 9 0 0 7 1 0 4 0 0 0 0 0 2 0 2 0 0 0 0 0 0 0 0 0 0 0 0 0 0 0 1 0 1 0 0
1580178388 196 27 62 17 27 0 7 0 9 0 0 7 1 0 4 0 0 0 0 0 2 0 2 0 0 0 0 0 0 0 0 0 0 0 0 0 0 0 1 0 1 0 0
1580423590 197 27 62 17 27 0 7 0 9 0 0 7 1 0 4 0 0 0 0 0 2 0 2 0 0 0 0 0 0 0 0 0 0 0 0 0 0 0 1 0 1 0 0
1580426368 198 27 62 17 27 0 7 0 9 0 0 7 1 0 4 0 0 0 0 0 2 0 2 0 0 0 0 0 0 0 0 0 0 0 0 0 0 0 1 0 1 0 0
1580432303 198 27 62 17 28 0 7 0 9 0 0 7 1 0 4 0 0 0 0 0 2 0 2 0 0 0 0 0 0 0 0 0 0 0 0 0 0 0 1 0 1 0 0
1580434812 198 27 62 17 29 0 7 0 9 0 0 7 1 0 4 0 0 0 0 0 2 0 2 0 0 0 0 0 0 0 0 0 0 0 0 0 0 0 1 0 1 0 0
1580436933 198 27 62 17 30 0 7 0 9 0 0 7 1 0 4 0 0 0 0 0 2 0 2 0 0 0 0 0 0 0 0 0 0 0 0 0 0 0 1 0 1 0 0
1580439854 198 27 62 17 31 0 7 0 9 0 0 7 1 0 4 0 0 0 0 0 2 0 2 0 0 0 0 0 0 0 0 0 0 0 0 0 0 0 1 0 1 0 0
1580440970 199 27 62 17 31 0 7 0 9 0 0 7 1 0 4 0 0 0 0 0 2 0 2 0 0 0 0 0 0 0 0 0 0 0 0 0 0 0 1 0 1 0 0
1580441959 199 27 62 17 32 0 7 0 9 0 0 7 1 0 4 0 0 0 0 0 2 0 2 0 0 0 0 0 0 0 0 0 0 0 0 0 0 0 1 0 1 0 0
1580443763 200 27 62 17 32 0 7 0 9 0 0 7 1 0 4 0 0 0 0 0 2 0 2 0 0 0 0 0 0 0 0 0 0 0 0 0 0 0 1 0 1 0 0
1580443912 201 27 62 17 32 0 7 0 9 0 0 7 1 0 4 0 0 0 0 0 2 0 2 0 0 0 0 0 0 0 0 0 0 0 0 0 0 0 1 0 1 0 0
1580443980 202 27 62 17 32 0 7 0 9 0 0 7 1 0 4 0 0 0 0 0 2 0 2 0 0 0 0 0 0 0 0 0 0 0 0 0 0 0 1 0 1 0 0
1580447338 203 27 62 17 32 0 7 0 9 0 0 7 1 0 4 0 0 0 0 0 2 0 2 0 0 0 0 0 0 0 0 0 0 0 0 0 0 0 1 0 1 0 0
1580447697 204 27 62 17 32 0 7 0 9 0 0 7 1 0 4 0 0 0 0 0 2 0 2 0 0 0 0 0 0 0 0 0 0 0 0 0 0 0 1 0 1 0 0
1580481072 204 27 62 17 33 0 7 0 9 0 0 7 1 0 4 0 0 0 0 0 2 0 2 0 0 0 0 0 0 0 0 0 0 0 0 0 0 0 1 0 1 0 0
1580481463 205 27 62 17 33 0 7 0 9 0 0 7 1 0 4 0 0 0 0 0 2 0 2 0 0 0 0 0 0 0 0 0 0 0 0 0 0 0 1 0 1 0 0
1580481503 205 27 62 18 33 0 7 0 9 0 0 7 1 0 4 0 0 0 0 0 2 0 2 0 0 0 0 0 0 0 0 0 0 0 0 0 0 0 1 0 1 0 0
1580485623 206 27 62 18 33 0 7 0 9 0 0 7 1 0 4 0 0 0 0 0 2 0 2 0 0 0 0 0 0 0 0 0 0 0 0 0 0 0 1 0 1 0 0
1580487989 207 27 62 18 33 0 7 0 9 0 0 7 1 0 4 0 0 0 0 0 2 0 2 0 0 0 0 0 0 0 0 0 0 0 0 0 0 0 1 0 1 0 0
1580493025 208 27 62 18 33 0 7 0 9 0 0 7 1 0 4 0 0 0 0 0 2 0 2 0 0 0 0 0 0 0 0 0 0 0 0 0 0 0 1 0 1 0 0
1580493291 209 27 62 18 33 0 7 0 9 0 0 7 1 0 4 0 0 0 0 0 2 0 2 0 0 0 0 0 0 0 0 0 0 0 0 0 0 0 1 0 1 0 0
1580496699 210 27 62 18 33 0 7 0 9 0 0 7 1 0 4 0 0 0 0 0 2 0 2 0 0 0 0 0 0 0 0 0 0 0 0 0 0 0 1 0 1 0 0
1581710320 211 27 62 18 33 0 7 0 9 0 0 7 1 0 4 0 0 0 0 0 2 0 2 0 0 0 0 0 0 0 0 0 0 0 0 0 0 0 1 0 1 0 0
1581714240 212 27 62 18 33 0 7 0 9 0 0 7 1 0 4 0 0 0 0 0 2 0 2 0 0 0 0 0 0 0 0 0 0 0 0 0 0 0 1 0 1 0 0
1582068601 213 27 62 18 33 0 7 0 9 0 0 7 1 0 4 0 0 0 0 0 2 0 2 0 0 0 0 0 0 0 0 0 0 0 0 0 0 0 1 0 1 0 0
1582080380 214 27 62 18 33 0 7 0 9 0 0 7 1 0 4 0 0 0 0 0 2 0 2 0 0 0 0 0 0 0 0 0 0 0 0 0 0 0 1 0 1 0 0
1582585297 215 27 62 18 33 0 7 0 9 0 0 7 1 0 4 0 0 0 0 0 2 0 2 0 0 0 0 0 0 0 0 0 0 0 0 0 0 0 1 0 1 0 0
1582586685 216 27 62 18 33 0 7 0 9 0 0 7 1 0 4 0 0 0 0 0 2 0 2 0 0 0 0 0 0 0 0 0 0 0 0 0 0 0 1 0 1 0 0
1582723206 216 27 62 19 33 0 7 0 9 0 0 7 1 0 4 0 0 0 0 0 2 0 2 0 0 0 0 0 0 0 0 0 0 0 0 0 0 0 1 0 1 0 0
1582933000 217 27 62 19 33 0 7 0 9 0 0 7 1 0 4 0 0 0 0 0 2 0 2 0 0 0 0 0 0 0 0 0 0 0 0 0 0 0 1 0 1 0 0
1583428633 217 27 62 19 34 0 7 0 9 0 0 7 1 0 4 0 0 0 0 0 2 0 2 0 0 0 0 0 0 0 0 0 0 0 0 0 0 0 1 0 1 0 0
1583669319 217 27 62 19 35 0 7 0 9 0 0 7 1 0 4 0 0 0 0 0 2 0 2 0 0 0 0 0 0 0 0 0 0 0 0 0 0 0 1 0 1 0 0
1583707254 217 27 62 19 36 0 7 0 9 0 0 7 1 0 4 0 0 0 0 0 2 0 2 0 0 0 0 0 0 0 0 0 0 0 0 0 0 0 1 0 1 0 0
1583780688 218 27 62 19 36 0 7 0 9 0 0 7 1 0 4 0 0 0 0 0 2 0 2 0 0 0 0 0 0 0 0 0 0 0 0 0 0 0 1 0 1 0 0
1583781054 219 27 62 19 36 0 7 0 9 0 0 7 1 0 4 0 0 0 0 0 2 0 2 0 0 0 0 0 0 0 0 0 0 0 0 0 0 0 1 0 1 0 0
1583787570 220 27 62 19 36 0 7 0 9 0 0 7 1 0 4 0 0 0 0 0 2 0 2 0 0 0 0 0 0 0 0 0 0 0 0 0 0 0 1 0 1 0 0
1583862965 221 27 62 19 36 0 7 0 9 0 0 7 1 0 4 0 0 0 0 0 2 0 2 0 0 0 0 0 0 0 0 0 0 0 0 0 0 0 1 0 1 0 0
1583869931 222 27 62 19 36 0 7 0 9 0 0 7 1 0 4 0 0 0 0 0 2 0 2 0 0 0 0 0 0 0 0 0 0 0 0 0 0 0 1 0 1 0 0
1583874557 223 27 62 19 36 0 7 0 9 0 0 7 1 0 4 0 0 0 0 0 2 0 2 0 0 0 0 0 0 0 0 0 0 0 0 0 0 0 1 0 1 0 0
1584629085 223 28 62 19 36 0 7 0 9 0 0 7 1 0 4 0 0 0 0 0 2 0 2 0 0 0 0 0 0 0 0 0 0 0 0 0 0 0 1 0 1 0 0
1584717115 223 28 62 20 36 0 7 0 9 0 0 7 1 0 4 0 0 0 0 0 2 0 2 0 0 0 0 0 0 0 0 0 0 0 0 0 0 0 1 0 1 0 0
1585083245 223 28 62 21 36 0 7 0 9 0 0 7 1 0 4 0 0 0 0 0 2 0 2 0 0 0 0 0 0 0 0 0 0 0 0 0 0 0 1 0 1 0 0
1585228673 224 28 62 21 36 0 7 0 9 0 0 7 1 0 4 0 0 0 0 0 2 0 2 0 0 0 0 0 0 0 0 0 0 0 0 0 0 0 1 0 1 0 0
1587163462 224 28 62 22 36 0 7 0 9 0 0 7 1 0 4 0 0 0 0 0 2 0 2 0 0 0 0 0 0 0 0 0 0 0 0 0 0 0 1 0 1 0 0
1587595280 224 28 62 22 36 0 7 1 9 0 0 7 1 0 4 0 0 0 0 0 2 0 2 0 0 0 0 0 0 0 0 0 0 0 0 0 0 0 1 0 1 0 0
1587597545 224 28 62 22 36 0 7 2 9 0 0 7 1 0 4 0 0 0 0 0 2 0 2 0 0 0 0 0 0 0 0 0 0 0 0 0 0 0 1 0 1 0 0
1588013621 224 28 62 22 36 0 7 2 9 0 0 7 1 0 5 0 0 0 0 0 2 0 2 0 0 0 0 0 0 0 0 0 0 0 0 0 0 0 1 0 1 0 0
1588024484 224 28 62 22 36 0 7 2 9 0 0 7 1 0 5 0 0 0 0 0 2 0 2 0 0 0 0 0 0 0 0 0 0 0 0 0 1 0 1 0 1 0 0
1588227810 224 28 62 22 36 0 7 3 9 0 0 7 1 0 5 0 0 0 0 0 2 0 2 0 0 0 0 0 0 0 0 0 0 0 0 0 1 0 1 0 1 0 0
1588271709 224 28 62 22 36 0 7 4 9 0 0 7 1 0 5 0 0 0 0 0 2 0 2 0 0 0 0 0 0 0 0 0 0 0 0 0 1 0 1 0 1 0 0
1588275259 224 28 62 22 36 0 7 5 9 0 0 7 1 0 5 0 0 0 0 0 2 0 2 0 0 0 0 0 0 0 0 0 0 0 0 0 1 0 1 0 1 0 0
1588285979 224 28 62 23 36 0 7 5 9 0 0 7 1 0 5 0 0 0 0 0 2 0 2 0 0 0 0 0 0 0 0 0 0 0 0 0 1 0 1 0 1 0 0
1588384276 224 28 62 24 36 0 7 5 9 0 0 7 1 0 5 0 0 0 0 0 2 0 2 0 0 0 0 0 0 0 0 0 0 0 0 0 1 0 1 0 1 0 0
1589464035 224 28 62 25 36 0 7 5 9 0 0 7 1 0 5 0 0 0 0 0 2 0 2 0 0 0 0 0 0 0 0 0 0 0 0 0 1 0 1 0 1 0 0
1590062943 224 28 62 25 36 0 7 5 9 0 0 7 1 1 5 0 0 0 0 0 2 0 2 0 0 0 0 0 0 0 0 0 0 0 0 0 1 0 1 0 1 0 0
1590686787 224 28 62 25 36 0 7 6 9 0 0 7 1 1 5 0 0 0 0 0 2 0 2 0 0 0 0 0 0 0 0 0 0 0 0 0 1 0 1 0 1 0 0
1591193458 225 28 62 25 36 0 7 6 9 0 0 7 1 1 5 0 0 0 0 0 2 0 2 0 0 0 0 0 0 0 0 0 0 0 0 0 1 0 1 0 1 0 0
1593463644 225 28 62 26 36 0 7 6 9 0 0 7 1 1 5 0 0 0 0 0 2 0 2 0 0 0 0 0 0 0 0 0 0 0 0 0 1 0 1 0 1 0 0
1593616012 226 28 62 26 36 0 7 6 9 0 0 7 1 1 5 0 0 0 0 0 2 0 2 0 0 0 0 0 0 0 0 0 0 0 0 0 1 0 1 0 1 0 0
1594684173 226 28 62 26 36 0 7 6 9 0 0 7 1 1 5 0 0 0 0 0 2 1 2 0 0 0 0 0 0 0 0 0 0 0 0 0 1 0 1 0 1 0 0
1594948543 226 28 62 27 36 0 7 6 9 0 0 7 1 1 5 0 0 0 0 0 2 1 2 0 0 0 0 0 0 0 0 0 0 0 0 0 1 0 1 0 1 0 0
1595619420 226 28 62 27 36 0 7 6 9 0 0 7 1 1 5 1 0 0 0 0 2 1 2 0 0 0 0 0 0 0 0 0 0 0 0 0 1 0 1 0 1 0 0
1596379537 226 28 62 28 36 0 7 6 9 0 0 7 1 1 5 1 0 0 0 0 2 1 2 0 0 0 0 0 0 0 0 0 0 0 0 0 1 0 1 0 1 0 0
1596454050 226 28 62 29 36 0 7 6 9 0 0 7 1 1 5 1 0 0 0 0 2 1 2 0 0 0 0 0 0 0 0 0 0 0 0 0 1 0 1 0 1 0 0
1596561929 226 28 62 29 36 0 7 6 9 0 0 7 1 1 5 1 0 0 0 0 2 1 2 0 1 0 0 0 0 0 0 0 0 0 0 0 1 0 1 0 1 0 0
1596807782 226 28 62 29 36 0 7 6 9 0 0 7 1 1 5 1 0 0 0 0 2 2 2 0 1 0 0 0 0 0 0 0 0 0 0 0 1 0 1 0 1 0 0
1597069038 226 28 62 29 36 0 7 6 9 0 0 7 1 1 5 1 0 0 0 1 2 2 2 0 1 0 0 0 0 0 0 0 0 0 0 0 1 0 1 0 1 0 0
1597173903 226 29 62 29 36 0 7 6 9 0 0 7 1 1 5 1 0 0 0 1 2 2 2 0 1 0 0 0 0 0 0 0 0 0 0 0 1 0 1 0 1 0 0
1597251722 227 29 62 29 36 0 7 6 9 0 0 7 1 1 5 1 0 0 0 1 2 2 2 0 1 0 0 0 0 0 0 0 0 0 0 0 1 0 1 0 1 0 0
1597268390 227 29 62 29 36 0 7 7 9 0 0 7 1 1 5 1 0 0 0 1 2 2 2 0 1 0 0 0 0 0 0 0 0 0 0 0 1 0 1 0 1 0 0
1597498260 227 29 62 29 36 0 7 7 9 0 0 7 1 1 5 1 0 0 0 1 2 2 2 1 1 0 0 0 0 0 0 0 0 0 0 0 1 0 1 0 1 0 0
1598013500 228 29 62 29 36 0 7 7 9 0 0 7 1 1 5 1 0 0 0 1 2 2 2 1 1 0 0 0 0 0 0 0 0 0 0 0 1 0 1 0 1 0 0
1598306881 228 29 62 29 36 0 7 7 9 0 0 7 1 1 5 1 0 0 0 2 2 2 2 1 1 0 0 0 0 0 0 0 0 0 0 0 1 0 1 0 1 0 0
1599080976 229 29 62 29 36 0 7 7 9 0 0 7 1 1 5 1 0 0 0 2 2 2 2 1 1 0 0 0 0 0 0 0 0 0 0 0 1 0 1 0 1 0 0
1599768196 230 29 62 29 36 0 7 7 9 0 0 7 1 1 5 1 0 0 0 2 2 2 2 1 1 0 0 0 0 0 0 0 0 0 0 0 1 0 1 0 1 0 0
1600466085 230 29 62 29 36 0 7 7 9 0 0 7 1 1 5 2 0 0 0 2 2 2 2 1 1 0 0 0 0 0 0 0 0 0 0 0 1 0 1 0 1 0 0
1601071459 230 29 62 29 36 0 7 7 9 0 0 7 2 1 5 2 0 0 0 2 2 2 2 1 1 0 0 0 0 0 0 0 0 0 0 0 1 0 1 0 1 0 0
1601315851 231 29 62 29 36 0 7 7 9 0 0 7 2 1 5 2 0 0 0 2 2 2 2 1 1 0 0 0 0 0 0 0 0 0 0 0 1 0 1 0 1 0 0
1601544276 231 29 62 29 36 0 7 7 9 0 0 7 2 1 5 2 0 0 0 2 2 2 2 1 1 0 0 0 0 0 0 0 1 0 0 0 1 0 1 0 1 0 0
1601658177 231 29 62 29 36 0 7 7 9 0 0 7 2 1 5 2 0 0 0 2 2 2 2 1 1 0 0 0 0 0 1 0 1 0 0 0 1 0 1 0 1 0 0
1601659949 231 29 62 29 36 0 7 8 9 0 0 7 2 1 5 2 0 0 0 2 2 2 2 1 1 0 0 0 0 0 1 0 1 0 0 0 1 0 1 0 1 0 0
1602020503 231 29 62 29 36 0 7 8 9 0 0 7 2 1 5 3 0 0 0 2 2 2 2 1 1 0 0 0 0 0 1 0 1 0 0 0 1 0 1 0 1 0 0
1602510216 232 29 62 29 36 0 7 8 9 0 0 7 2 1 5 3 0 0 0 2 2 2 2 1 1 0 0 0 0 0 1 0 1 0 0 0 1 0 1 0 1 0 0
1602515919 233 29 62 29 36 0 7 8 9 0 0 7 2 1 5 3 0 0 0 2 2 2 2 1 1 0 0 0 0 0 1 0 1 0 0 0 1 0 1 0 1 0 0
1602716724 233 29 62 29 36 0 8 8 9 0 0 7 2 1 5 3 0 0 0 2 2 2 2 1 1 0 0 0 0 0 1 0 1 0 0 0 1 0 1 0 1 0 0
1602795624 233 30 62 29 36 0 8 8 9 0 0 7 2 1 5 3 0 0 0 2 2 2 2 1 1 0 0 0 0 0 1 0 1 0 0 0 1 0 1 0 1 0 0
1602799148 233 30 62 29 36 0 9 8 9 0 0 7 2 1 5 3 0 0 0 2 2 2 2 1 1 0 0 0 0 0 1 0 1 0 0 0 1 0 1 0 1 0 0
1602801746 234 30 62 29 36 0 9 8 9 0 0 7 2 1 5 3 0 0 0 2 2 2 2 1 1 0 0 0 0 0 1 0 1 0 0 0 1 0 1 0 1 0 0
1602807131 234 30 62 29 36 0 9 8 9 0 0 7 3 1 5 3 0 0 0 2 2 2 2 1 1 0 0 0 0 0 1 0 1 0 0 0 1 0 1 0 1 0 0
1602810651 234 30 62 29 36 0 9 8 9 0 0 7 4 1 5 3 0 0 0 2 2 2 2 1 1 0 0 0 0 0 1 0 1 0 0 0 1 0 1 0 1 0 0
1602829600 234 30 62 30 36 0 9 8 9 0 0 7 4 1 5 3 0 0 0 2 2 2 2 1 1 0 0 0 0 0 1 0 1 0 0 0 1 0 1 0 1 0 0
1603292488 234 30 62 30 36 0 9 8 9 0 0 7 5 1 5 3 0 0 0 2 2 2 2 1 1 0 0 0 0 0 1 0 1 0 0 0 1 0 1 0 1 0 0
1603303515 234 30 62 30 36 0 10 8 9 0 0 7 5 1 5 3 0 0 0 2 2 2 2 1 1 0 0 0 0 0 1 0 1 0 0 0 1 0 1 0 1 0 0
1603306936 234 30 62 30 36 0 11 8 9 0 0 7 5 1 5 3 0 0 0 2 2 2 2 1 1 0 0 0 0 0 1 0 1 0 0 0 1 0 1 0 1 0 0
1604042965 234 30 62 30 36 0 11 9 9 0 0 7 5 1 5 3 0 0 0 2 2 2 2 1 1 0 0 0 0 0 1 0 1 0 0 0 1 0 1 0 1 0 0
1604912008 234 30 62 30 36 0 12 9 9 0 0 7 5 1 5 3 0 0 0 2 2 2 2 1 1 0 0 0 0 0 1 0 1 0 0 0 1 0 1 0 1 0 0
1605133579 234 30 62 30 36 0 12 9 9 0 0 7 5 1 5 3 0 0 0 2 2 2 2 1 1 0 0 0 0 0 1 0 1 0 0 0 1 0 1 1 1 0 0
1605194225 234 30 62 30 36 0 12 9 9 0 0 7 6 1 5 3 0 0 0 2 2 2 2 1 1 0 0 0 0 0 1 0 1 0 0 0 1 0 1 1 1 0 0
1606120455 234 30 62 30 36 0 12 10 9 0 0 7 6 1 5 3 0 0 0 2 2 2 2 1 1 0 0 0 0 0 1 0 1 0 0 0 1 0 1 1 1 0 0
1606157908 234 30 62 30 36 0 12 10 9 0 0 7 6 1 5 3 0 0 0 2 2 2 2 1 1 0 0 1 0 0 1 0 1 0 0 0 1 0 1 1 1 0 0
1606923713 234 30 62 30 36 1 12 10 9 0 0 7 6 1 5 3 0 0 0 2 2 2 2 1 1 0 0 1 0 0 1 0 1 0 0 0 1 0 1 1 1 0 0
1607630385 235 30 62 30 36 1 12 10 9 0 0 7 6 1 5 3 0 0 0 2 2 2 2 1 1 0 0 1 0 0 1 0 1 0 0 0 1 0 1 1 1 0 0
1608050354 236 30 62 30 36 1 12 10 9 0 0 7 6 1 5 3 0 0 0 2 2 2 2 1 1 0 0 1 0 0 1 0 1 0 0 0 1 0 1 1 1 0 0
1608550032 236 31 62 30 36 1 12 10 9 0 0 7 6 1 5 3 0 0 0 2 2 2 2 1 1 0 0 1 0 0 1 0 1 0 0 0 1 0 1 1 1 0 0
1608640563 236 32 62 30 36 1 12 10 9 0 0 7 6 1 5 3 0 0 0 2 2 2 2 1 1 0 0 1 0 0 1 0 1 0 0 0 1 0 1 1 1 0 0
1608642359 236 33 62 30 36 1 12 10 9 0 0 7 6 1 5 3 0 0 0 2 2 2 2 1 1 0 0 1 0 0 1 0 1 0 0 0 1 0 1 1 1 0 0
1609748780 236 34 62 30 36 1 12 10 9 0 0 7 6 1 5 3 0 0 0 2 2 2 2 1 1 0 0 1 0 0 1 0 1 0 0 0 1 0 1 1 1 0 0
1610113442 236 35 62 30 36 1 12 10 9 0 0 7 6 1 5 3 0 0 0 2 2 2 2 1 1 0 0 1 0 0 1 0 1 0 0 0 1 0 1 1 1 0 0
1610114205 236 36 62 30 36 1 12 10 9 0 0 7 6 1 5 3 0 0 0 2 2 2 2 1 1 0 0 1 0 0 1 0 1 0 0 0 1 0 1 1 1 0 0
1610353649 236 37 62 30 36 1 12 10 9 0 0 7 6 1 5 3 0 0 0 2 2 2 2 1 1 0 0 1 0 0 1 0 1 0 0 0 1 0 1 1 1 0 0
1610410719 236 37 62 30 36 1 12 10 9 0 0 7 6 1 5 3 0 1 0 2 2 2 2 1 1 0 0 1 0 0 1 0 1 0 0 0 1 0 1 1 1 0 0
1610555646 236 38 62 30 36 1 12 10 9 0 0 7 6 1 5 3 0 1 0 2 2 2 2 1 1 0 0 1 0 0 1 0 1 0 0 0 1 0 1 1 1 0 0
1610555718 236 39 62 30 36 1 12 10 9 0 0 7 6 1 5 3 0 1 0 2 2 2 2 1 1 0 0 1 0 0 1 0 1 0 0 0 1 0 1 1 1 0 0
1610555894 236 40 62 30 36 1 12 10 9 0 0 7 6 1 5 3 0 1 0 2 2 2 2 1 1 0 0 1 0 0 1 0 1 0 0 0 1 0 1 1 1 0 0
1610556037 236 41 62 30 36 1 12 10 9 0 0 7 6 1 5 3 0 1 0 2 2 2 2 1 1 0 0 1 0 0 1 0 1 0 0 0 1 0 1 1 1 0 0
1610559523 236 42 62 30 36 1 12 10 9 0 0 7 6 1 5 3 0 1 0 2 2 2 2 1 1 0 0 1 0 0 1 0 1 0 0 0 1 0 1 1 1 0 0
1610559608 236 43 62 30 36 1 12 10 9 0 0 7 6 1 5 3 0 1 0 2 2 2 2 1 1 0 0 1 0 0 1 0 1 0 0 0 1 0 1 1 1 0 0
1610559620 236 44 62 30 36 1 12 10 9 0 0 7 6 1 5 3 0 1 0 2 2 2 2 1 1 0 0 1 0 0 1 0 1 0 0 0 1 0 1 1 1 0 0
1610640716 236 45 62 30 36 1 12 10 9 0 0 7 6 1 5 3 0 1 0 2 2 2 2 1 1 0 0 1 0 0 1 0 1 0 0 0 1 0 1 1 1 0 0
1610647578 237 45 62 30 36 1 12 10 9 0 0 7 6 1 5 3 0 1 0 2 2 2 2 1 1 0 0 1 0 0 1 0 1 0 0 0 1 0 1 1 1 0 0
1610731382 237 46 62 30 36 1 12 10 9 0 0 7 6 1 5 3 0 1 0 2 2 2 2 1 1 0 0 1 0 0 1 0 1 0 0 0 1 0 1 1 1 0 0
1611343140 238 46 62 30 36 1 12 10 9 0 0 7 6 1 5 3 0 1 0 2 2 2 2 1 1 0 0 1 0 0 1 0 1 0 0 0 1 0 1 1 1 0 0
1611766745 239 46 62 30 36 1 12 10 9 0 0 7 6 1 5 3 0 1 0 2 2 2 2 1 1 0 0 1 0 0 1 0 1 0 0 0 1 0 1 1 1 0 0
1611766820 240 46 62 30 36 1 12 10 9 0 0 7 6 1 5 3 0 1 0 2 2 2 2 1 1 0 0 1 0 0 1 0 1 0 0 0 1 0 1 1 1 0 0
1611769943 241 46 62 30 36 1 12 10 9 0 0 7 6 1 5 3 0 1 0 2 2 2 2 1 1 0 0 1 0 0 1 0 1 0 0 0 1 0 1 1 1 0 0
1611831396 242 46 62 30 36 1 12 10 9 0 0 7 6 1 5 3 0 1 0 2 2 2 2 1 1 0 0 1 0 0 1 0 1 0 0 0 1 0 1 1 1 0 0
1611832214 243 46 62 30 36 1 12 10 9 0 0 7 6 1 5 3 0 1 0 2 2 2 2 1 1 0 0 1 0 0 1 0 1 0 0 0 1 0 1 1 1 0 0
1611845362 244 46 62 30 36 1 12 10 9 0 0 7 6 1 5 3 0 1 0 2 2 2 2 1 1 0 0 1 0 0 1 0 1 0 0 0 1 0 1 1 1 0 0
1611934605 244 46 62 30 36 2 12 10 9 0 0 7 6 1 5 3 0 1 0 2 2 2 2 1 1 0 0 1 0 0 1 0 1 0 0 0 1 0 1 1 1 0 0
1612198392 245 46 62 30 36 2 12 10 9 0 0 7 6 1 5 3 0 1 0 2 2 2 2 1 1 0 0 1 0 0 1 0 1 0 0 0 1 0 1 1 1 0 0
1612286015 246 46 62 30 36 2 12 10 9 0 0 7 6 1 5 3 0 1 0 2 2 2 2 1 1 0 0 1 0 0 1 0 1 0 0 0 1 0 1 1 1 0 0
1612348114 246 46 62 30 36 2 12 10 9 1 0 7 6 1 5 3 0 1 0 2 2 2 2 1 1 0 0 1 0 0 1 0 1 0 0 0 1 0 1 1 1 0 0
1612363424 247 46 62 30 36 2 12 10 9 1 0 7 6 1 5 3 0 1 0 2 2 2 2 1 1 0 0 1 0 0 1 0 1 0 0 0 1 0 1 1 1 0 0
1612369339 248 46 62 30 36 2 12 10 9 1 0 7 6 1 5 3 0 1 0 2 2 2 2 1 1 0 0 1 0 0 1 0 1 0 0 0 1 0 1 1 1 0 0
1612435288 248 46 62 30 36 2 12 10 9 2 0 7 6 1 5 3 0 1 0 2 2 2 2 1 1 0 0 1 0 0 1 0 1 0 0 0 1 0 1 1 1 0 0
1612435358 248 46 62 30 36 2 12 10 9 3 0 7 6 1 5 3 0 1 0 2 2 2 2 1 1 0 0 1 0 0 1 0 1 0 0 0 1 0 1 1 1 0 0
1612435844 248 46 62 30 36 2 12 10 9 4 0 7 6 1 5 3 0 1 0 2 2 2 2 1 1 0 0 1 0 0 1 0 1 0 0 0 1 0 1 1 1 0 0
1612498244 248 46 62 30 36 2 12 10 9 5 0 7 6 1 5 3 0 1 0 2 2 2 2 1 1 0 0 1 0 0 1 0 1 0 0 0 1 0 1 1 1 0 0
1612766901 248 46 62 30 36 3 12 10 9 5 0 7 6 1 5 3 0 1 0 2 2 2 2 1 1 0 0 1 0 0 1 0 1 0 0 0 1 0 1 1 1 0 0
1612825397 249 46 62 30 36 3 12 10 9 5 0 7 6 1 5 3 0 1 0 2 2 2 2 1 1 0 0 1 0 0 1 0 1 0 0 0 1 0 1 1 1 0 0
1612862982 249 46 62 30 36 3 12 10 9 5 0 7 6 1 5 3 0 1 0 2 2 2 2 1 1 0 0 1 0 0 1 0 1 0 0 0 1 0 1 1 1 0 1
1612864988 249 46 62 30 36 4 12 10 9 5 0 7 6 1 5 3 0 1 0 2 2 2 2 1 1 0 0 1 0 0 1 0 1 0 0 0 1 0 1 1 1 0 1
1612960770 249 47 62 30 36 4 12 10 9 5 0 7 6 1 5 3 0 1 0 2 2 2 2 1 1 0 0 1 0 0 1 0 1 0 0 0 1 0 1 1 1 0 1
1612997634 250 47 62 30 36 4 12 10 9 5 0 7 6 1 5 3 0 1 0 2 2 2 2 1 1 0 0 1 0 0 1 0 1 0 0 0 1 0 1 1 1 0 1
1613579642 250 47 62 30 36 4 12 10 9 6 0 7 6 1 5 3 0 1 0 2 2 2 2 1 1 0 0 1 0 0 1 0 1 0 0 0 1 0 1 1 1 0 1
1613581700 251 47 62 30 36 4 12 10 9 6 0 7 6 1 5 3 0 1 0 2 2 2 2 1 1 0 0 1 0 0 1 0 1 0 0 0 1 0 1 1 1 0 1
1613728441 251 47 62 30 36 4 12 10 9 6 0 7 6 2 5 3 0 1 0 2 2 2 2 1 1 0 0 1 0 0 1 0 1 0 0 0 1 0 1 1 1 0 1
1614006464 251 48 62 30 36 4 12 10 9 6 0 7 6 2 5 3 0 1 0 2 2 2 2 1 1 0 0 1 0 0 1 0 1 0 0 0 1 0 1 1 1 0 1
1614011855 251 49 62 30 36 4 12 10 9 6 0 7 6 2 5 3 0 1 0 2 2 2 2 1 1 0 0 1 0 0 1 0 1 0 0 0 1 0 1 1 1 0 1
1614069903 252 49 62 30 36 4 12 10 9 6 0 7 6 2 5 3 0 1 0 2 2 2 2 1 1 0 0 1 0 0 1 0 1 0 0 0 1 0 1 1 1 0 1
1614095511 252 49 62 30 36 4 12 10 9 6 0 7 6 3 5 3 0 1 0 2 2 2 2 1 1 0 0 1 0 0 1 0 1 0 0 0 1 0 1 1 1 0 1
1614104753 252 49 62 30 36 4 12 10 9 7 0 7 6 3 5 3 0 1 0 2 2 2 2 1 1 0 0 1 0 0 1 0 1 0 0 0 1 0 1 1 1 0 1
1614105050 252 49 62 30 36 4 12 10 9 8 0 7 6 3 5 3 0 1 0 2 2 2 2 1 1 0 0 1 0 0 1 0 1 0 0 0 1 0 1 1 1 0 1
1614283599 253 49 62 30 36 4 12 10 9 8 0 7 6 3 5 3 0 1 0 2 2 2 2 1 1 0 0 1 0 0 1 0 1 0 0 0 1 0 1 1 1 0 1
1614771446 253 50 62 30 36 4 12 10 9 8 0 7 6 3 5 3 0 1 0 2 2 2 2 1 1 0 0 1 0 0 1 0 1 0 0 0 1 0 1 1 1 0 1
1614786123 254 50 62 30 36 4 12 10 9 8 0 7 6 3 5 3 0 1 0 2 2 2 2 1 1 0 0 1 0 0 1 0 1 0 0 0 1 0 1 1 1 0 1
1614848969 254 50 62 30 36 4 12 10 9 8 1 7 6 3 5 3 0 1 0 2 2 2 2 1 1 0 0 1 0 0 1 0 1 0 0 0 1 0 1 1 1 0 1
1614958674 255 50 62 30 36 4 12 10 9 8 1 7 6 3 5 3 0 1 0 2 2 2 2 1 1 0 0 1 0 0 1 0 1 0 0 0 1 0 1 1 1 0 1
1614966654 255 50 62 30 36 4 12 10 9 8 1 7 6 3 5 3 0 2 0 2 2 2 2 1 1 0 0 1 0 0 1 0 1 0 0 0 1 0 1 1 1 0 1
1615299208 255 50 62 30 36 5 12 10 9 8 1 7 6 3 5 3 0 2 0 2 2 2 2 1 1 0 0 1 0 0 1 0 1 0 0 0 1 0 1 1 1 0 1
1615303383 256 50 62 30 36 5 12 10 9 8 1 7 6 3 5 3 0 2 0 2 2 2 2 1 1 0 0 1 0 0 1 0 1 0 0 0 1 0 1 1 1 0 1
1615360185 256 50 62 30 36 6 12 10 9 8 1 7 6 3 5 3 0 2 0 2 2 2 2 1 1 0 0 1 0 0 1 0 1 0 0 0 1 0 1 1 1 0 1
1615477046 257 50 62 30 36 6 12 10 9 8 1 7 6 3 5 3 0 2 0 2 2 2 2 1 1 0 0 1 0 0 1 0 1 0 0 0 1 0 1 1 1 0 1
1615477861 258 50 62 30 36 6 12 10 9 8 1 7 6 3 5 3 0 2 0 2 2 2 2 1 1 0 0 1 0 0 1 0 1 0 0 0 1 0 1 1 1 0 1
1615478562 259 50 62 30 36 6 12 10 9 8 1 7 6 3 5 3 0 2 0 2 2 2 2 1 1 0 0 1 0 0 1 0 1 0 0 0 1 0 1 1 1 0 1
1615478662 260 50 62 30 36 6 12 10 9 8 1 7 6 3 5 3 0 2 0 2 2 2 2 1 1 0 0 1 0 0 1 0 1 0 0 0 1 0 1 1 1 0 1
1615480401 261 50 62 30 36 6 12 10 9 8 1 7 6 3 5 3 0 2 0 2 2 2 2 1 1 0 0 1 0 0 1 0 1 0 0 0 1 0 1 1 1 0 1
1615481069 262 50 62 30 36 6 12 10 9 8 1 7 6 3 5 3 0 2 0 2 2 2 2 1 1 0 0 1 0 0 1 0 1 0 0 0 1 0 1 1 1 0 1
1615482396 263 50 62 30 36 6 12 10 9 8 1 7 6 3 5 3 0 2 0 2 2 2 2 1 1 0 0 1 0 0 1 0 1 0 0 0 1 0 1 1 1 0 1
1615561426 263 50 62 31 36 6 12 10 9 8 1 7 6 3 5 3 0 2 0 2 2 2 2 1 1 0 0 1 0 0 1 0 1 0 0 0 1 0 1 1 1 0 1
1615637998 264 50 62 31 36 6 12 10 9 8 1 7 6 3 5 3 0 2 0 2 2 2 2 1 1 0 0 1 0 0 1 0 1 0 0 0 1 0 1 1 1 0 1
1615901187 264 51 62 31 36 6 12 10 9 8 1 7 6 3 5 3 0 2 0 2 2 2 2 1 1 0 0 1 0 0 1 0 1 0 0 0 1 0 1 1 1 0 1
1615963693 264 52 62 31 36 6 12 10 9 8 1 7 6 3 5 3 0 2 0 2 2 2 2 1 1 0 0 1 0 0 1 0 1 0 0 0 1 0 1 1 1 0 1
1616409306 264 52 62 31 36 7 12 10 9 8 1 7 6 3 5 3 0 2 0 2 2 2 2 1 1 0 0 1 0 0 1 0 1 0 0 0 1 0 1 1 1 0 1
1616424031 264 52 62 31 36 7 12 10 9 8 2 7 6 3 5 3 0 2 0 2 2 2 2 1 1 0 0 1 0 0 1 0 1 0 0 0 1 0 1 1 1 0 1
1616429556 264 53 62 31 36 7 12 10 9 8 2 7 6 3 5 3 0 2 0 2 2 2 2 1 1 0 0 1 0 0 1 0 1 0 0 0 1 0 1 1 1 0 1
1616509757 264 53 62 31 36 8 12 10 9 8 2 7 6 3 5 3 0 2 0 2 2 2 2 1 1 0 0 1 0 0 1 0 1 0 0 0 1 0 1 1 1 0 1
1616601477 264 53 62 31 36 9 12 10 9 8 2 7 6 3 5 3 0 2 0 2 2 2 2 1 1 0 0 1 0 0 1 0 1 0 0 0 1 0 1 1 1 0 1
1616661367 264 54 62 31 36 9 12 10 9 8 2 7 6 3 5 3 0 2 0 2 2 2 2 1 1 0 0 1 0 0 1 0 1 0 0 0 1 0 1 1 1 0 1
1616666300 264 55 62 31 36 9 12 10 9 8 2 7 6 3 5 3 0 2 0 2 2 2 2 1 1 0 0 1 0 0 1 0 1 0 0 0 1 0 1 1 1 0 1
1616678725 264 56 62 31 36 9 12 10 9 8 2 7 6 3 5 3 0 2 0 2 2 2 2 1 1 0 0 1 0 0 1 0 1 0 0 0 1 0 1 1 1 0 1
1616690332 264 57 62 31 36 9 12 10 9 8 2 7 6 3 5 3 0 2 0 2 2 2 2 1 1 0 0 1 0 0 1 0 1 0 0 0 1 0 1 1 1 0 1
1616706084 265 57 62 31 36 9 12 10 9 8 2 7 6 3 5 3 0 2 0 2 2 2 2 1 1 0 0 1 0 0 1 0 1 0 0 0 1 0 1 1 1 0 1
1616742074 265 57 62 31 36 9 13 10 9 8 2 7 6 3 5 3 0 2 0 2 2 2 2 1 1 0 0 1 0 0 1 0 1 0 0 0 1 0 1 1 1 0 1
1616744649 265 57 62 31 36 10 13 10 9 8 2 7 6 3 5 3 0 2 0 2 2 2 2 1 1 0 0 1 0 0 1 0 1 0 0 0 1 0 1 1 1 0 1
1616850900 265 57 62 32 36 10 13 10 9 8 2 7 6 3 5 3 0 2 0 2 2 2 2 1 1 0 0 1 0 0 1 0 1 0 0 0 1 0 1 1 1 0 1
1616868200 265 58 62 32 36 10 13 10 9 8 2 7 6 3 5 3 0 2 0 2 2 2 2 1 1 0 0 1 0 0 1 0 1 0 0 0 1 0 1 1 1 0 1
1617176070 265 58 62 33 36 10 13 10 9 8 2 7 6 3 5 3 0 2 0 2 2 2 2 1 1 0 0 1 0 0 1 0 1 0 0 0 1 0 1 1 1 0 1
1617213106 265 58 62 33 36 10 13 10 9 8 3 7 6 3 5 3 0 2 0 2 2 2 2 1 1 0 0 1 0 0 1 0 1 0 0 0 1 0 1 1 1 0 1
1617265956 265 59 62 33 36 10 13 10 9 8 3 7 6 3 5 3 0 2 0 2 2 2 2 1 1 0 0 1 0 0 1 0 1 0 0 0 1 0 1 1 1 0 1
1617269930 265 60 62 33 36 10 13 10 9 8 3 7 6 3 5 3 0 2 0 2 2 2 2 1 1 0 0 1 0 0 1 0 1 0 0 0 1 0 1 1 1 0 1
1617291248 265 61 62 33 36 10 13 10 9 8 3 7 6 3 5 3 0 2 0 2 2 2 2 1 1 0 0 1 0 0 1 0 1 0 0 0 1 0 1 1 1 0 1
1617293916 265 61 62 33 36 10 14 10 9 8 3 7 6 3 5 3 0 2 0 2 2 2 2 1 1 0 0 1 0 0 1 0 1 0 0 0 1 0 1 1 1 0 1
1617296607 265 62 62 33 36 10 14 10 9 8 3 7 6 3 5 3 0 2 0 2 2 2 2 1 1 0 0 1 0 0 1 0 1 0 0 0 1 0 1 1 1 0 1
1617297952 265 62 62 33 36 10 15 10 9 8 3 7 6 3 5 3 0 2 0 2 2 2 2 1 1 0 0 1 0 0 1 0 1 0 0 0 1 0 1 1 1 0 1
1617318828 266 62 62 33 36 10 15 10 9 8 3 7 6 3 5 3 0 2 0 2 2 2 2 1 1 0 0 1 0 0 1 0 1 0 0 0 1 0 1 1 1 0 1
1617388984 267 62 62 33 36 10 15 10 9 8 3 7 6 3 5 3 0 2 0 2 2 2 2 1 1 0 0 1 0 0 1 0 1 0 0 0 1 0 1 1 1 0 1
1617700422 267 62 62 33 36 10 15 10 9 8 3 7 6 4 5 3 0 2 0 2 2 2 2 1 1 0 0 1 0 0 1 0 1 0 0 0 1 0 1 1 1 0 1
1617983768 268 62 62 33 36 10 15 10 9 8 3 7 6 4 5 3 0 2 0 2 2 2 2 1 1 0 0 1 0 0 1 0 1 0 0 0 1 0 1 1 1 0 1
1618248242 269 62 62 33 36 10 15 10 9 8 3 7 6 4 5 3 0 2 0 2 2 2 2 1 1 0 0 1 0 0 1 0 1 0 0 0 1 0 1 1 1 0 1
1618365859 269 62 62 33 36 11 15 10 9 8 3 7 6 4 5 3 0 2 0 2 2 2 2 1 1 0 0 1 0 0 1 0 1 0 0 0 1 0 1 1 1 0 1
1618407664 269 62 62 33 36 11 15 10 9 8 4 7 6 4 5 3 0 2 0 2 2 2 2 1 1 0 0 1 0 0 1 0 1 0 0 0 1 0 1 1 1 0 1
1618429799 269 62 62 33 36 12 15 10 9 8 4 7 6 4 5 3 0 2 0 2 2 2 2 1 1 0 0 1 0 0 1 0 1 0 0 0 1 0 1 1 1 0 1
1618432487 269 62 62 34 36 12 15 10 9 8 4 7 6 4 5 3 0 2 0 2 2 2 2 1 1 0 0 1 0 0 1 0 1 0 0 0 1 0 1 1 1 0 1
1618438861 270 62 62 34 36 12 15 10 9 8 4 7 6 4 5 3 0 2 0 2 2 2 2 1 1 0 0 1 0 0 1 0 1 0 0 0 1 0 1 1 1 0 1
1619013850 270 62 62 35 36 12 15 10 9 8 4 7 6 4 5 3 0 2 0 2 2 2 2 1 1 0 0 1 0 0 1 0 1 0 0 0 1 0 1 1 1 0 1
1619021983 271 62 62 35 36 12 15 10 9 8 4 7 6 4 5 3 0 2 0 2 2 2 2 1 1 0 0 1 0 0 1 0 1 0 0 0 1 0 1 1 1 0 1
1619134467 271 62 62 35 36 12 15 10 9 8 4 7 6 4 5 3 0 2 1 2 2 2 2 1 1 0 0 1 0 0 1 0 1 0 0 0 1 0 1 1 1 0 1
1619361610 272 62 62 35 36 12 15 10 9 8 4 7 6 4 5 3 0 2 1 2 2 2 2 1 1 0 0 1 0 0 1 0 1 0 0 0 1 0 1 1 1 0 1
1619561218 273 62 62 35 36 12 15 10 9 8 4 7 6 4 5 3 0 2 1 2 2 2 2 1 1 0 0 1 0 0 1 0 1 0 0 0 1 0 1 1 1 0 1
1619798838 273 62 62 36 36 12 15 10 9 8 4 7 6 4 5 3 0 2 1 2 2 2 2 1 1 0 0 1 0 0 1 0 1 0 0 0 1 0 1 1 1 0 1
1620219625 273 63 62 36 36 12 15 10 9 8 4 7 6 4 5 3 0 2 1 2 2 2 2 1 1 0 0 1 0 0 1 0 1 0 0 0 1 0 1 1 1 0 1
1620234907 274 63 62 36 36 12 15 10 9 8 4 7 6 4 5 3 0 2 1 2 2 2 2 1 1 0 0 1 0 0 1 0 1 0 0 0 1 0 1 1 1 0 1
1620304747 274 64 62 36 36 12 15 10 9 8 4 7 6 4 5 3 0 2 1 2 2 2 2 1 1 0 0 1 0 0 1 0 1 0 0 0 1 0 1 1 1 0 1
1620402799 274 65 62 36 36 12 15 10 9 8 4 7 6 4 5 3 0 2 1 2 2 2 2 1 1 0 0 1 0 0 1 0 1 0 0 0 1 0 1 1 1 0 1
1620419884 275 65 62 36 36 12 15 10 9 8 4 7 6 4 5 3 0 2 1 2 2 2 2 1 1 0 0 1 0 0 1 0 1 0 0 0 1 0 1 1 1 0 1
1620625816 276 65 62 36 36 12 15 10 9 8 4 7 6 4 5 3 0 2 1 2 2 2 2 1 1 0 0 1 0 0 1 0 1 0 0 0 1 0 1 1 1 0 1
1620664964 276 65 62 36 36 12 15 11 9 8 4 7 6 4 5 3 0 2 1 2 2 2 2 1 1 0 0 1 0 0 1 0 1 0 0 0 1 0 1 1 1 0 1
1620683478 276 65 62 36 36 12 15 12 9 8 4 7 6 4 5 3 0 2 1 2 2 2 2 1 1 0 0 1 0 0 1 0 1 0 0 0 1 0 1 1 1 0 1
1620741461 277 65 62 36 36 12 15 12 9 8 4 7 6 4 5 3 0 2 1 2 2 2 2 1 1 0 0 1 0 0 1 0 1 0 0 0 1 0 1 1 1 0 1
1620829548 277 66 62 36 36 12 15 12 9 8 4 7 6 4 5 3 0 2 1 2 2 2 2 1 1 0 0 1 0 0 1 0 1 0 0 0 1 0 1 1 1 0 1
1620924247 277 66 62 36 36 12 15 12 9 8 4 7 6 4 5 3 0 2 1 2 2 2 2 1 1 0 1 1 0 0 1 0 1 0 0 0 1 0 1 1 1 0 1
1621324800 277 66 62 36 36 12 15 12 9 8 4 7 6 4 5 3 0 2 1 2 2 2 2 1 1 0 1 1 0 0 1 0 1 1 0 0 1 0 1 1 1 0 1
1621358474 277 66 62 37 36 12 15 12 9 8 4 7 6 4 5 3 0 2 1 2 2 2 2 1 1 0 1 1 0 0 1 0 1 1 0 0 1 0 1 1 1 0 1
1621432972 277 67 62 37 36 12 15 12 9 8 4 7 6 4 5 3 0 2 1 2 2 2 2 1 1 0 1 1 0 0 1 0 1 1 0 0 1 0 1 1 1 0 1
1621935588 277 67 62 37 36 12 15 12 9 8 4 7 6 5 5 3 0 2 1 2 2 2 2 1 1 0 1 1 0 0 1 0 1 1 0 0 1 0 1 1 1 0 1
1621953512 278 67 62 37 36 12 15 12 9 8 4 7 6 5 5 3 0 2 1 2 2 2 2 1 1 0 1 1 0 0 1 0 1 1 0 0 1 0 1 1 1 0 1
1622013647 278 67 62 37 36 12 15 12 9 8 4 7 6 5 5 3 1 2 1 2 2 2 2 1 1 0 1 1 0 0 1 0 1 1 0 0 1 0 1 1 1 0 1
1622021724 278 67 62 37 36 12 15 12 9 8 4 7 6 5 5 3 2 2 1 2 2 2 2 1 1 0 1 1 0 0 1 0 1 1 0 0 1 0 1 1 1 0 1
1622037053 279 67 62 37 36 12 15 12 9 8 4 7 6 5 5 3 2 2 1 2 2 2 2 1 1 0 1 1 0 0 1 0 1 1 0 0 1 0 1 1 1 0 1
1622044802 280 67 62 37 36 12 15 12 9 8 4 7 6 5 5 3 2 2 1 2 2 2 2 1 1 0 1 1 0 0 1 0 1 1 0 0 1 0 1 1 1 0 1
1622056030 281 67 62 37 36 12 15 12 9 8 4 7 6 5 5 3 2 2 1 2 2 2 2 1 1 0 1 1 0 0 1 0 1 1 0 0 1 0 1 1 1 0 1
1622100533 282 67 62 37 36 12 15 12 9 8 4 7 6 5 5 3 2 2 1 2 2 2 2 1 1 0 1 1 0 0 1 0 1 1 0 0 1 0 1 1 1 0 1
1622122178 282 67 62 37 36 12 15 12 9 8 4 7 6 5 5 3 2 2 1 2 2 2 2 1 1 0 1 1 0 0 1 0 1 1 1 0 1 0 1 1 1 0 1
1622442696 283 67 62 37 36 12 15 12 9 8 4 7 6 5 5 3 2 2 1 2 2 2 2 1 1 0 1 1 0 0 1 0 1 1 1 0 1 0 1 1 1 0 1
1622629324 283 68 62 37 36 12 15 12 9 8 4 7 6 5 5 3 2 2 1 2 2 2 2 1 1 0 1 1 0 0 1 0 1 1 1 0 1 0 1 1 1 0 1
1622635704 283 68 62 37 36 12 15 12 9 8 4 7 6 5 5 3 3 2 1 2 2 2 2 1 1 0 1 1 0 0 1 0 1 1 1 0 1 0 1 1 1 0 1
1622637158 283 68 62 37 36 12 15 12 9 8 4 7 6 5 5 3 4 2 1 2 2 2 2 1 1 0 1 1 0 0 1 0 1 1 1 0 1 0 1 1 1 0 1
1622668470 283 69 62 37 36 12 15 12 9 8 4 7 6 5 5 3 4 2 1 2 2 2 2 1 1 0 1 1 0 0 1 0 1 1 1 0 1 0 1 1 1 0 1
1622789288 283 69 62 37 36 13 15 12 9 8 4 7 6 5 5 3 4 2 1 2 2 2 2 1 1 0 1 1 0 0 1 0 1 1 1 0 1 0 1 1 1 0 1
1622791761 283 69 62 37 36 14 15 12 9 8 4 7 6 5 5 3 4 2 1 2 2 2 2 1 1 0 1 1 0 0 1 0 1 1 1 0 1 0 1 1 1 0 1
1622823563 283 69 62 37 36 14 15 12 9 9 4 7 6 5 5 3 4 2 1 2 2 2 2 1 1 0 1 1 0 0 1 0 1 1 1 0 1 0 1 1 1 0 1
1623183050 284 69 62 37 36 14 15 12 9 9 4 7 6 5 5 3 4 2 1 2 2 2 2 1 1 0 1 1 0 0 1 0 1 1 1 0 1 0 1 1 1 0 1
1623277564 285 69 62 37 36 14 15 12 9 9 4 7 6 5 5 3 4 2 1 2 2 2 2 1 1 0 1 1 0 0 1 0 1 1 1 0 1 0 1 1 1 0 1
1623594231 286 69 62 37 36 14 15 12 9 9 4 7 6 5 5 3 4 2 1 2 2 2 2 1 1 0 1 1 0 0 1 0 1 1 1 0 1 0 1 1 1 0 1
1623595711 286 69 62 37 36 14 15 12 9 9 4 7 6 5 5 3 4 2 1 2 2 2 2 1 1 0 1 1 0 1 1 0 1 1 1 0 1 0 1 1 1 0 1
1624014793 286 69 62 37 36 14 15 13 9 9 4 7 6 5 5 3 4 2 1 2 2 2 2 1 1 0 1 1 0 1 1 0 1 1 1 0 1 0 1 1 1 0 1
1624017890 287 69 62 37 36 14 15 13 9 9 4 7 6 5 5 3 4 2 1 2 2 2 2 1 1 0 1 1 0 1 1 0 1 1 1 0 1 0 1 1 1 0 1
1624032249 287 70 62 37 36 14 15 13 9 9 4 7 6 5 5 3 4 2 1 2 2 2 2 1 1 0 1 1 0 1 1 0 1 1 1 0 1 0 1 1 1 0 1
1624128386 287 70 62 38 36 14 15 13 9 9 4 7 6 5 5 3 4 2 1 2 2 2 2 1 1 0 1 1 0 1 1 0 1 1 1 0 1 0 1 1 1 0 1
1624288893 288 70 62 38 36 14 15 13 9 9 4 7 6 5 5 3 4 2 1 2 2 2 2 1 1 0 1 1 0 1 1 0 1 1 1 0 1 0 1 1 1 0 1
1624433469 288 71 62 38 36 14 15 13 9 9 4 7 6 5 5 3 4 2 1 2 2 2 2 1 1 0 1 1 0 1 1 0 1 1 1 0 1 0 1 1 1 0 1
1624435751 288 71 62 38 36 14 15 13 9 9 4 7 6 5 5 3 4 2 1 2 2 2 2 1 1 0 1 1 0 1 1 0 1 1 1 1 1 0 1 1 1 0 1
1624438184 288 72 62 38 36 14 15 13 9 9 4 7 6 5 5 3 4 2 1 2 2 2 2 1 1 0 1 1 0 1 1 0 1 1 1 1 1 0 1 1 1 0 1
1624610888 288 73 62 38 36 14 15 13 9 9 4 7 6 5 5 3 4 2 1 2 2 2 2 1 1 0 1 1 0 1 1 0 1 1 1 1 1 0 1 1 1 0 1
1624897788 289 73 62 38 36 14 15 13 9 9 4 7 6 5 5 3 4 2 1 2 2 2 2 1 1 0 1 1 0 1 1 0 1 1 1 1 1 0 1 1 1 0 1
1625053837 289 74 62 38 36 14 15 13 9 9 4 7 6 5 5 3 4 2 1 2 2 2 2 1 1 0 1 1 0 1 1 0 1 1 1 1 1 0 1 1 1 0 1
1625065892 289 74 62 38 36 15 15 13 9 9 4 7 6 5 5 3 4 2 1 2 2 2 2 1 1 0 1 1 0 1 1 0 1 1 1 1 1 0 1 1 1 0 1
1625153513 290 74 62 38 36 15 15 13 9 9 4 7 6 5 5 3 4 2 1 2 2 2 2 1 1 0 1 1 0 1 1 0 1 1 1 1 1 0 1 1 1 0 1
1625159213 291 74 62 38 36 15 15 13 9 9 4 7 6 5 5 3 4 2 1 2 2 2 2 1 1 0 1 1 0 1 1 0 1 1 1 1 1 0 1 1 1 0 1
1625682706 291 74 62 38 36 15 15 13 9 9 4 7 6 5 5 3 4 2 1 2 2 2 2 1 1 0 1 1 0 1 1 0 1 1 1 1 1 1 1 1 1 0 1
1625686007 292 74 62 38 36 15 15 13 9 9 4 7 6 5 5 3 4 2 1 2 2 2 2 1 1 0 1 1 0 1 1 0 1 1 1 1 1 1 1 1 1 0 1
1625780138 293 74 62 38 36 15 15 13 9 9 4 7 6 5 5 3 4 2 1 2 2 2 2 1 1 0 1 1 0 1 1 0 1 1 1 1 1 1 1 1 1 0 1
1626180049 293 74 62 38 36 15 15 13 9 9 4 7 6 5 5 3 4 3 1 2 2 2 2 1 1 0 1 1 0 1 1 0 1 1 1 1 1 1 1 1 1 0 1
1626334962 293 74 62 38 36 15 15 13 9 9 4 7 6 5 5 3 4 3 2 2 2 2 2 1 1 0 1 1 0 1 1 0 1 1 1 1 1 1 1 1 1 0 1
1626356410 294 74 62 38 36 15 15 13 9 9 4 7 6 5 5 3 4 3 2 2 2 2 2 1 1 0 1 1 0 1 1 0 1 1 1 1 1 1 1 1 1 0 1
1626790594 295 74 62 38 36 15 15 13 9 9 4 7 6 5 5 3 4 3 2 2 2 2 2 1 1 0 1 1 0 1 1 0 1 1 1 1 1 1 1 1 1 0 1
1626797665 295 74 62 39 36 15 15 13 9 9 4 7 6 5 5 3 4 3 2 2 2 2 2 1 1 0 1 1 0 1 1 0 1 1 1 1 1 1 1 1 1 0 1
1626894199 296 74 62 39 36 15 15 13 9 9 4 7 6 5 5 3 4 3 2 2 2 2 2 1 1 0 1 1 0 1 1 0 1 1 1 1 1 1 1 1 1 0 1
1626897155 297 74 62 39 36 15 15 13 9 9 4 7 6 5 5 3 4 3 2 2 2 2 2 1 1 0 1 1 0 1 1 0 1 1 1 1 1 1 1 1 1 0 1
1626938485 297 74 62 39 36 15 15 13 9 9 4 7 6 5 5 3 4 3 2 2 2 2 2 1 1 0 1 1 0 1 1 1 1 1 1 1 1 1 1 1 1 0 1
1626946281 297 74 62 39 36 15 15 13 9 9 4 7 6 5 5 3 4 3 2 2 2 2 2 1 1 1 1 1 0 1 1 1 1 1 1 1 1 1 1 1 1 0 1
1627292270 297 75 62 39 36 15 15 13 9 9 4 7 6 5 5 3 4 3 2 2 2 2 2 1 1 1 1 1 0 1 1 1 1 1 1 1 1 1 1 1 1 0 1
1627294107 297 76 62 39 36 15 15 13 9 9 4 7 6 5 5 3 4 3 2 2 2 2 2 1 1 1 1 1 0 1 1 1 1 1 1 1 1 1 1 1 1 0 1
1627564153 297 76 62 39 36 15 15 14 9 9 4 7 6 5 5 3 4 3 2 2 2 2 2 1 1 1 1 1 0 1 1 1 1 1 1 1 1 1 1 1 1 0 1
1627634826 297 77 62 39 36 15 15 14 9 9 4 7 6 5 5 3 4 3 2 2 2 2 2 1 1 1 1 1 0 1 1 1 1 1 1 1 1 1 1 1 1 0 1
1627915080 298 77 62 39 36 15 15 14 9 9 4 7 6 5 5 3 4 3 2 2 2 2 2 1 1 1 1 1 0 1 1 1 1 1 1 1 1 1 1 1 1 0 1
1627980537 298 77 62 39 36 15 15 14 9 9 4 7 6 5 5 3 4 3 2 2 2 2 2 1 1 1 1 1 1 1 1 1 1 1 1 1 1 1 1 1 1 0 1
1628002461 298 77 62 39 36 15 15 14 9 9 4 7 6 5 5 4 4 3 2 2 2 2 2 1 1 1 1 1 1 1 1 1 1 1 1 1 1 1 1 1 1 0 1
1628106458 299 77 62 39 36 15 15 14 9 9 4 7 6 5 5 4 4 3 2 2 2 2 2 1 1 1 1 1 1 1 1 1 1 1 1 1 1 1 1 1 1 0 1
1628188559 300 77 62 39 36 15 15 14 9 9 4 7 6 5 5 4 4 3 2 2 2 2 2 1 1 1 1 1 1 1 1 1 1 1 1 1 1 1 1 1 1 0 1
1628262021 300 77 62 39 36 15 15 14 9 9 5 7 6 5 5 4 4 3 2 2 2 2 2 1 1 1 1 1 1 1 1 1 1 1 1 1 1 1 1 1 1 0 1
1628682930 300 77 62 39 36 15 15 14 9 9 5 7 6 5 5 4 4 3 3 2 2 2 2 1 1 1 1 1 1 1 1 1 1 1 1 1 1 1 1 1 1 0 1
1628685169 300 77 62 39 36 16 15 14 9 9 5 7 6 5 5 4 4 3 3 2 2 2 2 1 1 1 1 1 1 1 1 1 1 1 1 1 1 1 1 1 1 0 1
1628691291 300 77 62 39 36 17 15 14 9 9 5 7 6 5 5 4 4 3 3 2 2 2 2 1 1 1 1 1 1 1 1 1 1 1 1 1 1 1 1 1 1 0 1
1628772846 300 77 62 39 36 17 15 14 9 9 6 7 6 5 5 4 4 3 3 2 2 2 2 1 1 1 1 1 1 1 1 1 1 1 1 1 1 1 1 1 1 0 1
1628775875 300 77 62 40 36 17 15 14 9 9 6 7 6 5 5 4 4 3 3 2 2 2 2 1 1 1 1 1 1 1 1 1 1 1 1 1 1 1 1 1 1 0 1
1628782258 300 77 62 40 36 17 15 14 9 9 6 7 6 5 5 4 4 3 3 2 2 2 2 1 1 1 1 1 1 1 1 1 1 1 1 1 1 1 1 1 1 1 1
1628839862 300 77 62 41 36 17 15 14 9 9 6 7 6 5 5 4 4 3 3 2 2 2 2 1 1 1 1 1 1 1 1 1 1 1 1 1 1 1 1 1 1 1 1
1628847635 300 77 62 41 36 17 15 14 9 9 7 7 6 5 5 4 4 3 3 2 2 2 2 1 1 1 1 1 1 1 1 1 1 1 1 1 1 1 1 1 1 1 1
1628858738 300 77 62 42 36 17 15 14 9 9 7 7 6 5 5 4 4 3 3 2 2 2 2 1 1 1 1 1 1 1 1 1 1 1 1 1 1 1 1 1 1 1 1
1628864781 300 77 62 42 36 17 15 14 9 9 8 7 6 5 5 4 4 3 3 2 2 2 2 1 1 1 1 1 1 1 1 1 1 1 1 1 1 1 1 1 1 1 1
1628887760 300 77 62 43 36 17 15 14 9 9 8 7 6 5 5 4 4 3 3 2 2 2 2 1 1 1 1 1 1 1 1 1 1 1 1 1 1 1 1 1 1 1 1
1629120456 300 78 62 43 36 17 15 14 9 9 8 7 6 5 5 4 4 3 3 2 2 2 2 1 1 1 1 1 1 1 1 1 1 1 1 1 1 1 1 1 1 1 1
1629122357 300 78 62 43 36 17 15 15 9 9 8 7 6 5 5 4 4 3 3 2 2 2 2 1 1 1 1 1 1 1 1 1 1 1 1 1 1 1 1 1 1 1 1
1629207903 300 78 62 43 36 17 16 15 9 9 8 7 6 5 5 4 4 3 3 2 2 2 2 1 1 1 1 1 1 1 1 1 1 1 1 1 1 1 1 1 1 1 1
1629212931 300 78 62 43 36 18 16 15 9 9 8 7 6 5 5 4 4 3 3 2 2 2 2 1 1 1 1 1 1 1 1 1 1 1 1 1 1 1 1 1 1 1 1
1629218251 300 78 62 43 36 19 16 15 9 9 8 7 6 5 5 4 4 3 3 2 2 2 2 1 1 1 1 1 1 1 1 1 1 1 1 1 1 1 1 1 1 1 1
1629269217 300 78 62 44 36 19 16 15 9 9 8 7 6 5 5 4 4 3 3 2 2 2 2 1 1 1 1 1 1 1 1 1 1 1 1 1 1 1 1 1 1 1 1
1629297027 300 79 62 44 36 19 16 15 9 9 8 7 6 5 5 4 4 3 3 2 2 2 2 1 1 1 1 1 1 1 1 1 1 1 1 1 1 1 1 1 1 1 1
1629301360 300 80 62 44 36 19 16 15 9 9 8 7 6 5 5 4 4 3 3 2 2 2 2 1 1 1 1 1 1 1 1 1 1 1 1 1 1 1 1 1 1 1 1
1629305005 301 80 62 44 36 19 16 15 9 9 8 7 6 5 5 4 4 3 3 2 2 2 2 1 1 1 1 1 1 1 1 1 1 1 1 1 1 1 1 1 1 1 1
1629308034 302 80 62 44 36 19 16 15 9 9 8 7 6 5 5 4 4 3 3 2 2 2 2 1 1 1 1 1 1 1 1 1 1 1 1 1 1 1 1 1 1 1 1
