1611766745 332
1611766820 31856
1611769943 34677
1611831396 37630
1611832214 37661
1611845362 37609
1611934605 37600
1612198392 37600
1612286015 37603
1612363424 37602
1612369339 37602
1612766901 37345
1612825397 37340
1612862982 37340
1612864988 37223
1612960770 37227
1612997634 37473
1613581700 37446
1613728441 37451
1614006464 37451
1614011855 37920
1614069903 37933
1614095511 37935
1614283599 37935
1614771446 37935
1614786123 37935
1614848969 39086
1614958674 33986
1615299208 33988
1615303383 33999
1615360185 33754
1615482396 38696
1615561426 39261
1615637998 39261
1615901187 39155
1615963693 39163
1616409306 39347
1616424031 40341
1616429556 40635
1616509757 40629
1616601477 40669
1616661367 40661
1616666300 42147
1616678725 42073
1616690332 42709
1616706084 42934
1616742074 43122
1616744649 43226
1616850900 43591
1616868200 43938
1617176070 43974
1617213106 38058
1617265956 38057
1617269930 38116
1617291248 38438
1617293916 38516
1617296607 38536
1617297952 38266
1617318828 38266
1617388984 38699
1617700422 38699
1617983768 38716
1618248242 38721
1618365859 38723
1618407664 38722
1618429799 38733
1618432487 38991
1618438861 38991
1619013850 38995
1619021983 38978
1619134467 38978
1619361610 38975
1619561218 38979
1619798838 38980
1620219625 38979
1620234907 42070
1620304747 41198
1620402799 41197
1620419884 41223
1620625816 41223
1620664964 41806
1620683478 42209
1620741461 42211
1620829548 42211
1620924247 42214
1621324800 42289
1621358474 42781
1621432972 42806
1621935588 43005
1621953512 43108
1622013647 43108
1622021724 43108
1622037053 43113
1622044802 43113
1622056030 43113
1622100533 43141
1622122178 43141
1622442696 43140
1622629324 43147
1622635704 43147
1622637158 43147
1622668470 57315
1622789288 57703
1622791761 57745
1622823563 57745
1623183050 57745
1623277564 57753
1623594231 57775
1623595711 57775
1624014793 57779
1624017890 58224
1624032249 58416
1624128386 58416
1624288893 58577
1624433469 58577
1624435751 58625
1624438184 58625
1624610888 60876
1624897788 61232
1625053837 61217
1625065892 61217
1625153513 61439
1625159213 61439
1625682706 61446
1625686007 61453
1625780138 61453
1626180049 61462
1626334962 61461
1626356410 61472
1626790594 61522
1626797665 61537
1626894199 61538
1626897155 61542
1626938485 61540
1626946281 61541
1627292270 61595
1627294107 62010
1627564153 62025
1627634826 64482
1627915080 65251
1627980537 65251
1628002461 65252
1628106458 65372
1628188559 65372
1628262021 73589
1628682930 74365
1628685169 74474
1628691291 74492
1628772846 74284
1628775875 73881
1628782258 73873
1628839862 73911
1628847635 74005
1628858738 73978
1628864781 73989
1628887760 73974
1629120456 73986
1629122357 74018
1629207903 74857
1629212931 74900
1629218251 74619
1629269217 74619
1629297027 75399
1629301360 75454
1629305005 75454
1629308034 75454
