1548445500 11721 0 0 0 0 0 0 0 0 0 0 0 0 0 0 0 0 0 0 0 0 0 0 0 0 0 0 0 0 0 0 0 0 0 0 0 0 0 0 0 0 0 0
1548446368 11724 0 0 0 0 0 0 0 0 0 0 0 0 0 0 0 0 0 0 0 0 0 0 0 0 0 0 0 0 0 0 0 0 0 0 0 0 0 0 0 0 0 0
1548446656 11727 0 0 0 0 0 0 0 0 0 0 0 0 0 0 0 0 0 0 0 0 0 0 0 0 0 0 0 0 0 0 0 0 0 0 0 0 0 0 0 0 0 0
1548446903 11728 0 0 0 0 0 0 0 0 0 0 0 0 0 0 0 0 0 0 0 0 0 0 0 0 0 0 0 0 0 0 0 0 0 0 0 0 0 0 0 0 0 0
1548701861 11750 0 0 0 0 0 0 0 0 0 0 0 0 0 0 0 0 0 0 0 0 0 0 0 0 0 0 0 0 0 0 0 0 0 0 0 0 0 0 0 0 0 0
1548704528 11750 0 0 0 0 0 0 0 0 0 0 0 0 0 0 0 0 0 0 0 0 0 0 0 0 0 0 0 0 0 0 0 0 0 0 0 0 0 0 0 0 0 0
1548955613 11770 0 0 0 0 0 0 0 0 0 0 0 0 0 0 0 0 0 0 0 0 0 0 0 0 0 0 0 0 0 0 0 0 0 0 0 0 0 0 0 0 0 0
1548974904 11770 0 0 0 0 0 0 0 0 0 0 0 0 0 0 0 0 0 0 0 0 0 0 0 0 0 0 0 0 0 0 0 0 0 0 0 0 0 0 0 0 0 0
1549059478 11779 0 0 0 0 0 0 0 0 0 0 0 0 0 0 0 0 0 0 0 0 0 0 0 0 0 0 0 0 0 0 0 0 0 0 0 0 0 0 0 0 0 0
1549065950 11779 0 0 0 0 0 0 0 0 0 0 0 0 0 0 0 0 0 0 0 0 0 0 0 0 0 0 0 0 0 0 0 0 0 0 0 0 0 0 0 0 0 0
1549319046 11818 0 0 0 0 0 0 0 0 0 0 0 0 0 0 0 0 0 0 0 0 0 0 0 0 0 0 0 0 0 0 0 0 0 0 0 0 0 0 0 0 0 0
1549320044 11818 0 0 0 0 0 0 0 0 0 0 0 0 0 0 0 0 0 0 0 0 0 0 0 0 0 0 0 0 0 0 0 0 0 0 0 0 0 0 0 0 0 0
1549419194 11818 0 97 0 0 0 0 0 0 0 0 0 0 0 0 0 0 0 0 0 0 0 0 0 0 0 0 0 0 0 0 0 0 0 0 0 0 0 0 0 0 0 0
1549428571 11818 0 105 0 0 0 0 0 0 0 0 0 0 0 0 0 0 0 0 0 0 0 0 0 0 0 0 0 0 0 0 0 0 0 0 0 0 0 0 0 0 0 0
1549464388 11818 0 105 0 0 0 0 0 0 0 0 0 0 0 0 0 0 0 0 0 0 0 0 0 0 0 0 0 0 0 0 0 0 0 0 0 0 0 0 0 0 0 0
1549470719 11828 0 105 0 0 0 0 0 0 0 0 0 0 0 0 0 0 0 0 0 0 0 0 0 0 0 0 0 0 0 0 0 0 0 0 0 0 0 0 0 0 0 0
1549485259 11828 0 105 0 0 0 0 0 0 0 0 0 0 0 0 0 0 0 0 0 0 0 0 0 0 0 0 0 0 0 0 0 0 0 0 0 0 0 0 0 0 0 0
1549515474 11836 0 105 0 0 0 0 0 0 0 0 0 0 0 0 0 0 0 0 0 0 0 0 0 0 0 0 0 0 0 0 0 0 0 0 0 0 0 0 0 0 0 0
1549561020 11966 0 105 0 0 0 0 0 0 0 0 0 0 0 0 0 0 0 0 0 0 0 0 0 0 0 0 0 0 0 0 0 0 0 0 0 0 0 0 0 0 0 0
1549562336 11966 0 105 0 0 0 0 0 0 0 0 0 0 0 0 0 0 0 0 0 0 0 0 0 0 0 0 0 0 0 0 0 0 0 0 0 0 0 0 0 0 0 0
1549567552 11967 0 105 0 0 0 0 0 0 0 0 0 0 0 0 0 0 0 0 0 0 0 0 0 0 0 0 0 0 0 0 0 0 0 0 0 0 0 0 0 0 0 0
1549573286 11967 0 105 0 0 0 0 0 0 0 0 0 0 0 0 0 0 0 0 0 0 0 0 0 0 0 0 0 0 0 0 0 0 0 0 0 0 0 0 0 0 0 0
1549902420 11967 0 112 0 0 0 0 0 0 0 0 0 0 0 0 0 0 0 0 0 0 0 0 0 0 0 0 0 0 0 0 0 0 0 0 0 0 0 0 0 0 0 0
1549911737 11967 0 112 0 0 0 0 0 0 0 0 0 0 0 0 0 0 0 0 0 0 0 0 0 0 0 0 0 0 0 0 0 0 0 0 0 0 0 0 0 2 0 0
1549911882 11967 0 112 0 0 0 0 0 0 0 0 0 0 0 0 0 0 0 0 0 0 0 0 0 0 0 0 0 0 0 0 0 0 0 0 0 0 0 0 0 2 0 0
1549997749 11967 0 184 0 0 0 0 0 0 0 0 0 0 0 0 0 0 0 0 0 0 0 0 0 0 0 0 0 0 0 0 0 0 0 0 0 0 0 0 0 2 0 0
1550008681 11967 0 188 0 0 0 0 0 0 0 0 0 0 0 0 0 0 0 0 0 0 0 0 0 0 0 0 0 0 0 0 0 0 0 0 0 0 0 0 0 2 0 0
1550091840 11973 0 188 0 0 0 0 0 0 0 0 0 0 0 0 0 0 0 0 0 0 0 0 0 0 0 0 0 0 0 0 0 0 0 0 0 0 0 0 0 2 0 0
1550097535 11973 0 188 0 0 0 0 0 0 0 0 0 0 0 0 0 0 0 0 0 0 0 0 0 0 0 0 0 0 0 0 0 0 0 0 0 0 0 0 0 2 0 0
1550098747 11973 0 188 0 0 0 0 0 0 0 0 0 0 0 0 0 0 0 0 0 0 0 0 0 0 0 0 0 0 0 0 0 0 0 0 0 0 0 0 0 2 0 0
1550121466 11973 0 188 0 0 0 0 0 0 0 0 0 0 0 0 0 0 0 0 0 0 0 0 0 0 0 0 0 0 0 0 0 0 0 0 0 0 0 0 0 2 0 0
1550611921 11973 0 188 0 201 0 0 0 0 0 0 0 0 0 0 0 0 0 0 0 0 0 0 0 0 0 0 0 0 0 0 0 0 0 0 0 0 0 0 0 2 0 0
1550663516 11973 0 188 0 201 0 0 0 0 0 0 0 0 0 0 0 0 0 0 0 0 0 0 0 0 0 0 0 0 0 0 0 0 0 0 0 0 0 0 0 2 0 0
1551207022 11977 0 188 0 201 0 0 0 0 0 0 0 0 0 0 0 0 0 0 0 0 0 0 0 0 0 0 0 0 0 0 0 0 0 0 0 0 0 0 0 2 0 0
1551410675 11977 0 188 0 201 0 0 0 0 0 0 0 0 0 0 0 0 0 0 0 0 0 0 0 0 0 0 0 0 0 0 0 0 0 0 0 0 0 0 0 2 0 0
1551590880 11977 0 188 0 204 0 0 0 0 0 0 0 0 0 0 0 0 0 0 0 0 0 0 0 0 0 0 0 0 0 0 0 0 0 0 0 0 0 0 0 2 0 0
1551678333 11977 0 188 0 204 0 0 0 0 0 0 0 0 0 0 0 0 0 0 0 0 0 0 0 0 0 0 0 0 0 0 0 0 0 0 0 0 0 0 0 2 0 0
1551726392 11977 0 188 0 204 0 0 0 0 0 0 0 0 0 0 0 0 0 0 0 0 0 0 0 0 0 0 0 0 0 0 0 0 0 0 0 0 0 0 0 2 0 0
1551732181 11977 0 188 0 204 0 0 0 0 0 0 0 0 0 0 0 0 0 0 0 0 0 0 0 0 0 0 0 0 0 0 0 0 0 0 0 0 0 0 0 2 0 0
1551901047 11997 0 188 0 204 0 0 0 0 0 0 0 0 0 0 0 0 0 0 0 0 0 0 0 0 0 0 0 0 0 0 0 0 0 0 0 0 0 0 0 2 0 0
1551908612 11997 0 188 0 204 0 0 0 0 0 0 0 0 0 0 0 0 0 0 0 0 0 0 0 0 0 0 0 0 0 0 0 0 0 0 0 0 0 0 0 2 0 0
1552356921 12013 0 188 0 204 0 0 0 0 0 0 0 0 0 0 0 0 0 0 0 0 0 0 0 0 0 0 0 0 0 0 0 0 0 0 0 0 0 0 0 2 0 0
1552360276 12013 0 188 0 204 0 0 0 0 0 0 0 0 0 0 0 0 0 0 0 0 0 0 0 0 0 0 0 0 0 0 0 0 0 0 0 0 0 0 0 2 0 0
1552510778 12013 0 188 0 205 0 0 0 0 0 0 0 0 0 0 0 0 0 0 0 0 0 0 0 0 0 0 0 0 0 0 0 0 0 0 0 0 0 0 0 2 0 0
1552518223 12013 0 188 0 205 0 0 0 0 0 0 0 0 0 0 0 0 0 0 0 0 0 0 0 0 0 0 0 0 0 0 0 0 0 0 0 0 0 0 0 2 0 0
1552943205 12033 0 188 0 205 0 0 0 0 0 0 0 0 0 0 0 0 0 0 0 0 0 0 0 0 0 0 0 0 0 0 0 0 0 0 0 0 0 0 0 2 0 0
1553278332 12033 0 188 0 205 0 0 0 0 0 0 0 0 0 0 0 0 0 0 0 0 0 0 0 0 0 0 0 0 0 0 0 0 0 0 0 0 0 0 0 2 0 0
1553810345 12063 0 188 0 205 0 0 0 0 0 0 0 0 0 0 0 0 0 0 0 0 0 0 0 0 0 0 0 0 0 0 0 0 0 0 0 0 0 0 0 2 0 0
1553811356 12070 0 188 0 205 0 0 0 0 0 0 0 0 0 0 0 0 0 0 0 0 0 0 0 0 0 0 0 0 0 0 0 0 0 0 0 0 0 0 0 2 0 0
1553824182 12070 0 188 0 205 0 0 0 0 0 0 0 0 0 0 0 0 0 0 0 0 0 0 0 0 0 0 0 0 0 0 0 0 0 0 0 0 0 0 0 2 0 0
1553884245 12074 0 188 0 205 0 0 0 0 0 0 0 0 0 0 0 0 0 0 0 0 0 0 0 0 0 0 0 0 0 0 0 0 0 0 0 0 0 0 0 2 0 0
1553892651 12076 0 188 0 205 0 0 0 0 0 0 0 0 0 0 0 0 0 0 0 0 0 0 0 0 0 0 0 0 0 0 0 0 0 0 0 0 0 0 0 2 0 0
1554131918 12078 0 188 0 205 0 0 0 0 0 0 0 0 0 0 0 0 0 0 0 0 0 0 0 0 0 0 0 0 0 0 0 0 0 0 0 0 0 0 0 2 0 0
1554132509 12078 0 188 0 205 0 0 0 0 0 0 0 0 0 0 0 0 0 0 0 0 0 0 0 0 0 0 0 0 0 0 0 0 0 0 0 0 0 0 0 2 0 0
1554865748 12087 0 188 0 205 0 0 0 0 0 0 0 0 0 0 0 0 0 0 0 0 0 0 0 0 0 0 0 0 0 0 0 0 0 0 0 0 0 0 0 2 0 0
1554900421 12087 0 188 0 205 0 0 0 0 0 0 0 0 0 0 0 0 0 0 0 0 0 0 0 0 0 0 0 0 0 0 0 0 0 0 0 0 0 0 0 2 0 0
1556341005 12103 0 188 0 205 0 0 0 0 0 0 0 0 0 0 0 0 0 0 0 0 0 0 0 0 0 0 0 0 0 0 0 0 0 0 0 0 0 0 0 2 0 0
1556368599 12103 0 188 0 205 0 0 0 0 0 0 0 0 0 0 0 0 0 0 0 0 0 0 0 0 0 0 0 0 0 0 0 0 0 0 0 0 0 0 0 2 0 0
1556498803 12121 0 188 0 205 0 0 0 0 0 0 0 0 0 0 0 0 0 0 0 0 0 0 0 0 0 0 0 0 0 0 0 0 0 0 0 0 0 0 0 2 0 0
1556506319 12121 0 188 0 205 0 0 0 0 0 0 0 0 0 0 0 0 0 0 0 0 0 0 0 0 0 0 0 0 0 0 0 0 0 0 0 0 0 0 0 2 0 0
1556557512 12411 0 188 0 205 0 0 0 0 0 0 0 0 0 0 0 0 0 0 0 0 0 0 0 0 0 0 0 0 0 0 0 0 0 0 0 0 0 0 0 2 0 0
1556558887 12411 0 188 0 205 0 0 0 0 0 0 0 0 0 0 0 0 0 0 0 0 0 0 0 0 0 0 0 0 0 0 0 0 0 0 0 0 0 0 0 2 0 0
1556568325 12427 0 188 0 205 0 0 0 0 0 0 0 0 0 0 0 0 0 0 0 0 0 0 0 0 0 0 0 0 0 0 0 0 0 0 0 0 0 0 0 2 0 0
1556589889 12427 0 188 0 205 0 0 0 0 0 0 0 0 0 0 0 0 0 0 0 0 0 0 0 0 0 0 0 0 0 0 0 0 0 0 0 0 0 0 0 2 0 0
1556643681 12465 0 188 0 205 0 0 0 0 0 0 0 0 0 0 0 0 0 0 0 0 0 0 0 0 0 0 0 0 0 0 0 0 0 0 0 0 0 0 0 2 0 0
1556646380 12468 0 188 0 205 0 0 0 0 0 0 0 0 0 0 0 0 0 0 0 0 0 0 0 0 0 0 0 0 0 0 0 0 0 0 0 0 0 0 0 2 0 0
1556649285 12473 0 188 0 205 0 0 0 0 0 0 0 0 0 0 0 0 0 0 0 0 0 0 0 0 0 0 0 0 0 0 0 0 0 0 0 0 0 0 0 2 0 0
1556651026 12473 0 188 0 205 0 0 0 0 0 0 0 0 0 0 0 0 0 0 0 0 0 0 0 0 0 0 0 0 0 0 0 0 0 0 0 0 0 0 0 2 0 0
1556918681 12473 0 188 0 205 0 0 0 1 0 0 0 0 0 0 0 0 0 0 0 0 0 0 0 0 0 0 0 0 0 0 0 0 0 0 0 0 0 0 0 2 0 0
1557948883 12473 0 208 0 205 0 0 0 1 0 0 0 0 0 0 0 0 0 0 0 0 0 0 0 0 0 0 0 0 0 0 0 0 0 0 0 0 0 0 0 2 0 0
1557952146 12473 0 311 0 205 0 0 0 1 0 0 0 0 0 0 0 0 0 0 0 0 0 0 0 0 0 0 0 0 0 0 0 0 0 0 0 0 0 0 0 2 0 0
1557953922 12473 0 321 0 205 0 0 0 1 0 0 0 0 0 0 0 0 0 0 0 0 0 0 0 0 0 0 0 0 0 0 0 0 0 0 0 0 0 0 0 2 0 0
1558034465 12473 0 321 0 273 0 0 0 1 0 0 0 0 0 0 0 0 0 0 0 0 0 0 0 0 0 0 0 0 0 0 0 0 0 0 0 0 0 0 0 2 0 0
1558387550 12473 0 325 0 273 0 0 0 1 0 0 0 0 0 0 0 0 0 0 0 0 0 0 0 0 0 0 0 0 0 0 0 0 0 0 0 0 0 0 0 2 0 0
1558533360 12473 0 325 0 303 0 0 0 1 0 0 0 0 0 0 0 0 0 0 0 0 0 0 0 0 0 0 0 0 0 0 0 0 0 0 0 0 0 0 0 2 0 0
1558552714 12473 0 328 0 303 0 0 0 1 0 0 0 0 0 0 0 0 0 0 0 0 0 0 0 0 0 0 0 0 0 0 0 0 0 0 0 0 0 0 0 2 0 0
1558682165 12473 0 328 0 303 0 0 0 1 0 0 0 0 0 0 0 0 0 0 0 0 0 0 0 0 0 0 0 0 0 0 0 0 0 0 0 0 0 0 0 2 0 0
1558706809 12475 0 328 0 303 0 0 0 1 0 0 0 0 0 0 0 0 0 0 0 0 0 0 0 0 0 0 0 0 0 0 0 0 0 0 0 0 0 0 0 2 0 0
1558708530 12475 0 328 0 303 0 0 0 1 0 0 0 0 0 0 0 0 0 0 0 0 0 0 0 0 0 0 0 0 0 0 0 0 0 0 0 0 0 0 0 2 0 0
1559076692 12475 0 330 0 303 0 0 0 1 0 0 0 0 0 0 0 0 0 0 0 0 0 0 0 0 0 0 0 0 0 0 0 0 0 0 0 0 0 0 0 2 0 0
1559092608 12475 0 330 0 303 0 0 0 1 0 0 0 0 0 0 0 0 0 0 0 0 0 0 0 0 0 0 0 0 0 0 0 0 0 0 0 0 0 0 0 2 0 0
1559131461 12486 0 330 0 303 0 0 0 1 0 0 0 0 0 0 0 0 0 0 0 0 0 0 0 0 0 0 0 0 0 0 0 0 0 0 0 0 0 0 0 2 0 0
1559141319 12486 0 330 0 303 0 0 0 1 0 0 0 0 0 0 0 0 0 0 0 0 0 0 0 0 0 0 0 0 0 0 0 0 0 0 0 0 0 0 0 2 0 0
1559770264 12486 0 330 0 889 0 0 0 1 0 0 0 0 0 0 0 0 0 0 0 0 0 0 0 0 0 0 0 0 0 0 0 0 0 0 0 0 0 0 0 2 0 0
1559847203 12486 0 330 0 917 0 0 0 1 0 0 0 0 0 0 0 0 0 0 0 0 0 0 0 0 0 0 0 0 0 0 0 0 0 0 0 0 0 0 0 2 0 0
1559848112 12486 0 330 0 917 0 0 0 1 0 0 0 0 0 0 0 0 0 0 0 0 0 0 0 0 0 0 0 0 0 0 0 0 0 0 0 0 0 0 0 2 0 0
1559848620 12518 0 330 0 917 0 0 0 1 0 0 0 0 0 0 0 0 0 0 0 0 0 0 0 0 0 0 0 0 0 0 0 0 0 0 0 0 0 0 0 2 0 0
1559849813 12519 0 330 0 917 0 0 0 1 0 0 0 0 0 0 0 0 0 0 0 0 0 0 0 0 0 0 0 0 0 0 0 0 0 0 0 0 0 0 0 2 0 0
1559857014 12519 0 330 0 948 0 0 0 1 0 0 0 0 0 0 0 0 0 0 0 0 0 0 0 0 0 0 0 0 0 0 0 0 0 0 0 0 0 0 0 2 0 0
1559926453 12519 0 330 0 950 0 0 0 1 0 0 0 0 0 0 0 0 0 0 0 0 0 0 0 0 0 0 0 0 0 0 0 0 0 0 0 0 0 0 0 2 0 0
1559938268 12519 0 330 0 985 0 0 0 1 0 0 0 0 0 0 0 0 0 0 0 0 0 0 0 0 0 0 0 0 0 0 0 0 0 0 0 0 0 0 0 2 0 0
1559942108 12519 0 330 0 1014 0 0 0 1 0 0 0 0 0 0 0 0 0 0 0 0 0 0 0 0 0 0 0 0 0 0 0 0 0 0 0 0 0 0 0 2 0 0
1559945067 12519 0 330 0 1052 0 0 0 1 0 0 0 0 0 0 0 0 0 0 0 0 0 0 0 0 0 0 0 0 0 0 0 0 0 0 0 0 0 0 0 2 0 0
1560011596 12519 0 330 0 1053 0 0 0 1 0 0 0 0 0 0 0 0 0 0 0 0 0 0 0 0 0 0 0 0 0 0 0 0 0 0 0 0 0 0 0 2 0 0
1560190311 12519 0 330 0 1054 0 0 0 1 0 0 0 0 0 0 0 0 0 0 0 0 0 0 0 0 0 0 0 0 0 0 0 0 0 0 0 0 0 0 0 2 0 0
1560199004 12519 0 330 0 1062 0 0 0 1 0 0 0 0 0 0 0 0 0 0 0 0 0 0 0 0 0 0 0 0 0 0 0 0 0 0 0 0 0 0 0 2 0 0
1560200885 12519 0 330 0 1062 0 0 0 1 0 0 0 0 0 0 0 0 0 0 0 0 0 0 0 0 0 0 0 0 0 0 0 0 0 0 0 0 0 0 0 2 0 0
1560536426 12573 0 330 0 1062 0 0 0 1 0 0 0 0 0 0 0 0 0 0 0 0 0 0 0 0 0 0 0 0 0 0 0 0 0 0 0 0 0 0 0 2 0 0
1560543188 12599 0 330 0 1062 0 0 0 1 0 0 0 0 0 0 0 0 0 0 0 0 0 0 0 0 0 0 0 0 0 0 0 0 0 0 0 0 0 0 0 2 0 0
1560545562 12599 0 330 0 1062 0 0 0 1 0 0 0 0 0 0 0 0 0 0 0 0 0 0 0 0 0 0 0 0 0 0 0 0 0 0 0 0 0 0 0 2 0 0
1561050385 12599 0 330 0 1081 0 0 0 1 0 0 0 0 0 0 0 0 0 0 0 0 0 0 0 0 0 0 0 0 0 0 0 0 0 0 0 0 0 0 0 2 0 0
1561052621 12599 0 330 0 1082 0 0 0 1 0 0 0 0 0 0 0 0 0 0 0 0 0 0 0 0 0 0 0 0 0 0 0 0 0 0 0 0 0 0 0 2 0 0
1561054103 12599 0 330 0 1082 0 0 0 1 0 0 0 0 0 0 0 0 0 0 0 0 0 0 0 0 0 0 0 0 0 0 0 0 0 0 0 0 0 0 0 2 0 0
1561654070 12599 0 330 0 1096 0 0 0 1 0 0 0 0 0 0 0 0 0 0 0 0 0 0 0 0 0 0 0 0 0 0 0 0 0 0 0 0 0 0 0 2 0 0
1561654877 12599 0 330 0 1096 0 0 0 1 0 0 0 0 0 0 0 0 0 0 0 0 0 0 0 0 0 0 0 0 0 0 0 0 0 0 0 0 0 0 0 2 0 0
1561665104 12599 0 337 0 1096 0 0 0 1 0 0 0 0 0 0 0 0 0 0 0 0 0 0 0 0 0 0 0 0 0 0 0 0 0 0 0 0 0 0 0 2 0 0
1561665675 12599 0 337 0 1096 0 0 0 1 0 0 0 0 0 0 0 0 0 0 0 0 0 0 0 0 0 0 0 0 0 0 0 0 0 0 0 0 0 0 0 2 0 0
1561670554 12599 0 337 0 1096 0 0 0 1 0 0 0 0 0 0 0 0 0 0 0 0 0 0 0 0 0 0 0 0 0 0 0 0 0 0 0 0 0 0 0 2 0 0
1562008397 12599 0 337 0 1096 0 0 0 1 0 0 0 0 0 0 0 0 0 0 0 0 0 0 0 0 0 0 0 0 0 0 0 0 0 0 0 0 0 0 0 2 0 0
1562008410 12599 0 337 0 1096 0 0 0 1 0 0 0 0 0 0 0 0 0 0 0 0 0 0 0 0 0 0 0 0 0 0 0 0 0 0 0 0 0 0 0 2 0 0
1562008437 12599 0 337 0 1096 0 0 0 1 0 0 0 0 0 0 0 0 0 0 0 0 0 0 0 0 0 0 0 0 0 0 0 0 0 0 0 0 0 0 0 2 0 0
1562008453 12599 0 337 0 1096 0 0 0 1 0 0 0 0 0 0 0 0 0 0 0 0 0 0 0 0 0 0 0 0 0 0 0 0 0 0 0 0 0 0 0 2 0 0
1562008469 12599 0 337 0 1096 0 0 0 1 0 0 0 0 0 0 0 0 0 0 0 0 0 0 0 0 0 0 0 0 0 0 0 0 0 0 0 0 0 0 0 2 0 0
1562008487 12599 0 337 0 1096 0 0 0 1 0 0 0 0 0 0 0 0 0 0 0 0 0 0 0 0 0 0 0 0 0 0 0 0 0 0 0 0 0 0 0 2 0 0
1562779195 12599 0 337 0 1096 0 0 0 1 0 0 0 0 0 0 0 0 0 0 0 0 0 0 0 0 0 0 0 0 0 0 0 0 0 0 0 0 0 0 0 2 0 0
1562780936 24541 0 337 0 1096 0 0 0 1 0 0 0 0 0 0 0 0 0 0 0 0 0 0 0 0 0 0 0 0 0 0 0 0 0 0 0 0 0 0 0 2 0 0
1562783230 26695 0 337 0 1096 0 0 0 1 0 0 0 0 0 0 0 0 0 0 0 0 0 0 0 0 0 0 0 0 0 0 0 0 0 0 0 0 0 0 0 2 0 0
1562785956 26724 0 337 0 1096 0 0 0 1 0 0 0 0 0 0 0 0 0 0 0 0 0 0 0 0 0 0 0 0 0 0 0 0 0 0 0 0 0 0 0 2 0 0
1562787731 26725 0 337 0 1096 0 0 0 1 0 0 0 0 0 0 0 0 0 0 0 0 0 0 0 0 0 0 0 0 0 0 0 0 0 0 0 0 0 0 0 2 0 0
1562789659 26734 0 337 0 1096 0 0 0 1 0 0 0 0 0 0 0 0 0 0 0 0 0 0 0 0 0 0 0 0 0 0 0 0 0 0 0 0 0 0 0 2 0 0
1562790399 26734 0 337 0 1096 0 0 0 1 0 0 0 0 0 0 0 0 0 0 0 0 0 0 0 0 0 0 0 0 0 0 0 0 0 0 0 0 0 0 0 2 0 0
1562791456 26736 0 337 0 1096 0 0 0 1 0 0 0 0 0 0 0 0 0 0 0 0 0 0 0 0 0 0 0 0 0 0 0 0 0 0 0 0 0 0 0 2 0 0
1563194120 26736 0 337 0 1096 0 0 0 1 0 0 0 0 0 0 0 0 0 0 0 8 0 0 0 0 0 0 0 0 0 0 0 0 0 0 0 0 0 0 0 2 0 0
1563194243 26736 0 337 0 1096 0 0 0 1 0 0 0 0 0 0 0 0 0 0 0 9 0 0 0 0 0 0 0 0 0 0 0 0 0 0 0 0 0 0 0 2 0 0
1563213967 26737 0 337 0 1096 0 0 0 1 0 0 0 0 0 0 0 0 0 0 0 9 0 0 0 0 0 0 0 0 0 0 0 0 0 0 0 0 0 0 0 2 0 0
1563221087 26737 0 337 0 1096 0 0 0 1 0 0 0 0 0 0 0 0 0 0 0 9 0 0 0 0 0 0 0 0 0 0 0 0 0 0 0 0 0 0 0 2 0 0
1563221111 26737 0 337 0 1096 0 0 0 1 0 0 0 0 0 0 0 0 0 0 0 9 0 0 0 0 0 0 0 0 0 0 0 0 0 0 0 0 0 0 0 2 0 0
1563397006 26737 0 395 0 1096 0 0 0 1 0 0 0 0 0 0 0 0 0 0 0 9 0 0 0 0 0 0 0 0 0 0 0 0 0 0 0 0 0 0 0 2 0 0
1563397439 26737 0 408 0 1096 0 0 0 1 0 0 0 0 0 0 0 0 0 0 0 9 0 0 0 0 0 0 0 0 0 0 0 0 0 0 0 0 0 0 0 2 0 0
1563398557 26737 0 427 0 1096 0 0 0 1 0 0 0 0 0 0 0 0 0 0 0 9 0 0 0 0 0 0 0 0 0 0 0 0 0 0 0 0 0 0 0 2 0 0
1563399344 26737 0 443 0 1096 0 0 0 1 0 0 0 0 0 0 0 0 0 0 0 9 0 0 0 0 0 0 0 0 0 0 0 0 0 0 0 0 0 0 0 2 0 0
1563410316 26737 0 445 0 1096 0 0 0 1 0 0 0 0 0 0 0 0 0 0 0 9 0 0 0 0 0 0 0 0 0 0 0 0 0 0 0 0 0 0 0 2 0 0
1563474703 26737 0 449 0 1096 0 0 0 1 0 0 0 0 0 0 0 0 0 0 0 9 0 0 0 0 0 0 0 0 0 0 0 0 0 0 0 0 0 0 0 2 0 0
1563531852 26737 0 449 0 1096 0 2188 0 1 0 0 0 0 0 0 0 0 0 0 0 9 0 0 0 0 0 0 0 0 0 0 0 0 0 0 0 0 0 0 0 2 0 0
1563531998 26737 0 449 0 1096 0 2188 0 1 0 0 0 0 0 0 0 0 0 0 0 9 0 0 0 0 0 0 0 0 0 0 0 0 0 0 0 0 0 0 0 2 0 0
1563543906 26737 0 449 5 1096 0 2188 0 1 0 0 0 0 0 0 0 0 0 0 0 9 0 0 0 0 0 0 0 0 0 0 0 0 0 0 0 0 0 0 0 2 0 0
1563544033 26737 0 449 5 1096 0 2190 0 1 0 0 0 0 0 0 0 0 0 0 0 9 0 0 0 0 0 0 0 0 0 0 0 0 0 0 0 0 0 0 0 2 0 0
1563546476 26737 0 449 5 1096 0 2191 0 1 0 0 0 0 0 0 0 0 0 0 0 9 0 0 0 0 0 0 0 0 0 0 0 0 0 0 0 0 0 0 0 2 0 0
1563549429 26737 0 449 15 1096 0 2191 0 1 0 0 0 0 0 0 0 0 0 0 0 9 0 0 0 0 0 0 0 0 0 0 0 0 0 0 0 0 0 0 0 2 0 0
1563554095 26737 0 449 16 1096 0 2191 0 1 0 0 0 0 0 0 0 0 0 0 0 9 0 0 0 0 0 0 0 0 0 0 0 0 0 0 0 0 0 0 0 2 0 0
1563554874 26737 0 449 16 1096 0 2197 0 1 0 0 0 0 0 0 0 0 0 0 0 9 0 0 0 0 0 0 0 0 0 0 0 0 0 0 0 0 0 0 0 2 0 0
1563560239 26737 0 449 16 1096 0 2201 0 1 0 0 0 0 0 0 0 0 0 0 0 9 0 0 0 0 0 0 0 0 0 0 0 0 0 0 0 0 0 0 0 2 0 0
1563560905 26737 0 507 16 1096 0 2201 0 1 0 0 0 0 0 0 0 0 0 0 0 9 0 0 0 0 0 0 0 0 0 0 0 0 0 0 0 0 0 0 0 2 0 0
1563560958 26737 0 507 16 1096 0 2201 0 1 0 0 0 0 0 0 0 0 0 0 0 9 0 0 0 0 0 0 0 0 0 0 0 0 0 0 0 0 0 0 0 2 0 0
1563561445 26737 0 507 16 1096 0 2201 0 1 0 0 0 0 0 0 0 0 0 0 0 9 0 0 0 0 0 0 0 0 0 0 0 0 0 0 0 0 0 0 0 2 0 0
1563561880 26737 0 507 16 1096 0 2201 0 1 0 0 0 0 0 0 0 0 0 0 0 9 0 0 0 0 0 0 0 0 0 0 0 0 0 0 0 0 0 0 0 2 0 0
1563750611 26737 0 507 16 1096 0 2201 0 1 0 0 0 0 0 0 0 0 0 0 0 9 0 0 0 0 0 0 0 0 0 0 0 0 0 0 0 0 0 0 0 2 0 0
1563799122 26737 0 507 16 1096 0 2201 0 1 0 0 0 0 0 0 0 0 0 0 0 9 0 0 0 0 0 0 0 0 0 0 0 0 0 0 0 0 0 0 0 2 0 0
1563803575 26737 0 507 16 1096 0 2201 0 1 0 0 0 0 0 0 0 0 0 0 0 9 0 0 0 0 0 0 0 0 0 0 0 0 0 0 0 0 0 0 0 2 0 0
1563905918 26737 0 508 16 1096 0 2201 0 1 0 0 0 0 0 0 0 0 0 0 0 9 0 0 0 0 0 0 0 0 0 0 0 0 0 0 0 0 0 0 0 2 0 0
1564107786 26737 0 510 16 1096 0 2201 0 1 0 0 0 0 0 0 0 0 0 0 0 9 0 0 0 0 0 0 0 0 0 0 0 0 0 0 0 0 0 0 0 2 0 0
1564168954 26737 0 510 16 1096 0 2201 0 1 0 0 0 0 0 0 0 0 0 0 0 9 0 0 0 0 0 0 0 0 0 0 0 0 0 0 0 0 0 0 0 2 0 0
1564708603 26737 0 511 16 1096 0 2201 0 1 0 0 0 0 0 0 0 0 0 0 0 9 0 0 0 0 0 0 0 0 0 0 0 0 0 0 0 0 0 0 0 2 0 0
1564779576 26737 0 511 16 1096 0 2201 0 1 0 0 0 0 0 0 0 0 0 0 0 9 0 0 0 0 0 0 0 0 0 0 0 0 0 0 0 0 0 0 0 2 0 0
1565064353 26737 0 512 16 1096 0 2201 0 1 0 0 0 0 0 0 0 0 0 0 0 9 0 0 0 0 0 0 0 0 0 0 0 0 0 0 0 0 0 0 0 2 0 0
1565189678 26737 0 512 16 1096 0 2201 0 1 0 0 0 0 0 0 0 0 0 0 0 9 0 0 0 0 0 0 0 0 0 0 0 0 0 0 0 0 0 0 0 2 0 0
1565723119 26738 0 512 16 1096 0 2201 0 1 0 0 0 0 0 0 0 0 0 0 0 9 0 0 0 0 0 0 0 0 0 0 0 0 0 0 0 0 0 0 0 2 0 0
1565750836 26738 0 512 16 1096 0 2201 0 1 0 0 0 0 0 0 0 0 0 0 0 9 0 0 0 0 0 0 0 0 0 0 0 0 0 0 0 0 0 0 0 2 0 0
1565793113 26738 0 525 16 1096 0 2201 0 1 0 0 0 0 0 0 0 0 0 0 0 9 0 0 0 0 0 0 0 0 0 0 0 0 0 0 0 0 0 0 0 2 0 0
1565793184 26738 0 538 16 1096 0 2201 0 1 0 0 0 0 0 0 0 0 0 0 0 9 0 0 0 0 0 0 0 0 0 0 0 0 0 0 0 0 0 0 0 2 0 0
1565795134 26738 0 538 16 1096 0 2201 0 1 0 0 0 637 0 0 0 0 0 0 0 9 0 0 0 0 0 0 0 0 0 0 0 0 0 0 0 0 0 0 0 2 0 0
1565796916 26738 0 1046 16 1096 0 2201 0 1 0 0 0 637 0 0 0 0 0 0 0 9 0 0 0 0 0 0 0 0 0 0 0 0 0 0 0 0 0 0 0 2 0 0
1565797022 26738 0 1054 16 1096 0 2201 0 1 0 0 0 637 0 0 0 0 0 0 0 9 0 0 0 0 0 0 0 0 0 0 0 0 0 0 0 0 0 0 0 2 0 0
1565797858 26738 0 1055 16 1096 0 2201 0 1 0 0 0 637 0 0 0 0 0 0 0 9 0 0 0 0 0 0 0 0 0 0 0 0 0 0 0 0 0 0 0 2 0 0
1565805071 26738 0 1086 16 1096 0 2201 0 1 0 0 0 637 0 0 0 0 0 0 0 9 0 0 0 0 0 0 0 0 0 0 0 0 0 0 0 0 0 0 0 2 0 0
1565808748 26738 0 1121 16 1096 0 2201 0 1 0 0 0 637 0 0 0 0 0 0 0 9 0 0 0 0 0 0 0 0 0 0 0 0 0 0 0 0 0 0 0 2 0 0
1565833106 26738 0 1121 16 1096 0 2201 0 1 0 0 0 637 0 0 0 0 0 0 0 9 0 0 0 0 0 0 0 0 0 0 0 0 0 0 0 0 0 0 0 2 0 0
1565912680 27112 0 1121 16 1096 0 2201 0 1 0 0 0 637 0 0 0 0 0 0 0 9 0 0 0 0 0 0 0 0 0 0 0 0 0 0 0 0 0 0 0 2 0 0
1565935527 27137 0 1121 16 1096 0 2201 0 1 0 0 0 637 0 0 0 0 0 0 0 9 0 0 0 0 0 0 0 0 0 0 0 0 0 0 0 0 0 0 0 2 0 0
1565944551 27137 0 1121 16 1096 0 2201 0 1 0 0 0 637 0 0 0 0 0 0 0 9 0 0 0 0 0 0 0 0 0 0 0 0 0 0 0 0 0 0 0 2 0 0
1566240872 27495 0 1121 16 1096 0 2201 0 1 0 0 0 637 0 0 0 0 0 0 0 9 0 0 0 0 0 0 0 0 0 0 0 0 0 0 0 0 0 0 0 2 0 0
1566294818 27495 0 1121 16 1096 0 2201 0 1 0 0 0 637 0 0 0 0 0 0 0 9 0 0 0 0 0 0 0 0 0 0 0 0 0 0 0 0 0 0 0 2 0 0
1566321062 27495 0 1121 16 1096 0 2201 0 1 0 0 0 637 0 0 0 0 0 0 0 9 0 0 0 0 0 0 0 0 0 0 0 0 0 0 0 0 0 0 0 2 0 0
1566334608 27495 0 1121 16 1096 0 2201 0 1 0 0 0 637 0 0 0 0 0 0 0 9 0 0 0 0 0 0 0 0 0 0 0 0 0 0 0 0 0 0 0 2 0 0
1566408099 27495 0 1170 16 1096 0 2201 0 1 0 0 0 637 0 0 0 0 0 0 0 9 0 0 0 0 0 0 0 0 0 0 0 0 0 0 0 0 0 0 0 2 0 0
1566413511 27495 0 1185 16 1096 0 2201 0 1 0 0 0 637 0 0 0 0 0 0 0 9 0 0 0 0 0 0 0 0 0 0 0 0 0 0 0 0 0 0 0 2 0 0
1566420902 27495 0 1185 16 1096 0 2201 0 1 0 0 0 637 0 0 0 0 0 0 0 9 0 0 0 0 0 0 0 0 0 0 0 0 0 0 0 0 0 0 0 2 0 0
1566479043 27495 0 1185 16 1096 0 2201 0 1 0 0 0 637 0 0 0 0 0 0 0 9 0 0 0 0 0 0 0 0 0 0 0 0 0 0 0 0 0 0 0 2 0 0
1566828046 27495 0 1187 16 1096 0 2201 0 1 0 0 0 637 0 0 0 0 0 0 0 9 0 0 0 0 0 0 0 0 0 0 0 0 0 0 0 0 0 0 0 2 0 0
1566835513 27671 0 1187 16 1096 0 2201 0 1 0 0 0 637 0 0 0 0 0 0 0 9 0 0 0 0 0 0 0 0 0 0 0 0 0 0 0 0 0 0 0 2 0 0
1566840768 27671 0 1194 16 1096 0 2201 0 1 0 0 0 637 0 0 0 0 0 0 0 9 0 0 0 0 0 0 0 0 0 0 0 0 0 0 0 0 0 0 0 2 0 0
1566852370 28580 0 1194 16 1096 0 2201 0 1 0 0 0 637 0 0 0 0 0 0 0 9 0 0 0 0 0 0 0 0 0 0 0 0 0 0 0 0 0 0 0 2 0 0
1566855532 29244 0 1194 16 1096 0 2201 0 1 0 0 0 637 0 0 0 0 0 0 0 9 0 0 0 0 0 0 0 0 0 0 0 0 0 0 0 0 0 0 0 2 0 0
1566858052 29269 0 1194 16 1096 0 2201 0 1 0 0 0 637 0 0 0 0 0 0 0 9 0 0 0 0 0 0 0 0 0 0 0 0 0 0 0 0 0 0 0 2 0 0
1566858302 29270 0 1194 16 1096 0 2201 0 1 0 0 0 637 0 0 0 0 0 0 0 9 0 0 0 0 0 0 0 0 0 0 0 0 0 0 0 0 0 0 0 2 0 0
1566864190 29336 0 1194 16 1096 0 2201 0 1 0 0 0 637 0 0 0 0 0 0 0 9 0 0 0 0 0 0 0 0 0 0 0 0 0 0 0 0 0 0 0 2 0 0
1566864520 29341 0 1194 16 1096 0 2201 0 1 0 0 0 637 0 0 0 0 0 0 0 9 0 0 0 0 0 0 0 0 0 0 0 0 0 0 0 0 0 0 0 2 0 0
1566865388 29342 0 1194 16 1096 0 2201 0 1 0 0 0 637 0 0 0 0 0 0 0 9 0 0 0 0 0 0 0 0 0 0 0 0 0 0 0 0 0 0 0 2 0 0
1566869995 29353 0 1194 16 1096 0 2201 0 1 0 0 0 637 0 0 0 0 0 0 0 9 0 0 0 0 0 0 0 0 0 0 0 0 0 0 0 0 0 0 0 2 0 0
1566934125 29485 0 1194 16 1096 0 2201 0 1 0 0 0 637 0 0 0 0 0 0 0 9 0 0 0 0 0 0 0 0 0 0 0 0 0 0 0 0 0 0 0 2 0 0
1567018806 29500 0 1194 16 1096 0 2201 0 1 0 0 0 637 0 0 0 0 0 0 0 9 0 0 0 0 0 0 0 0 0 0 0 0 0 0 0 0 0 0 0 2 0 0
1567021300 29504 0 1194 16 1096 0 2201 0 1 0 0 0 637 0 0 0 0 0 0 0 9 0 0 0 0 0 0 0 0 0 0 0 0 0 0 0 0 0 0 0 2 0 0
1567021693 29510 0 1194 16 1096 0 2201 0 1 0 0 0 637 0 0 0 0 0 0 0 9 0 0 0 0 0 0 0 0 0 0 0 0 0 0 0 0 0 0 0 2 0 0
1567022160 29516 0 1194 16 1096 0 2201 0 1 0 0 0 637 0 0 0 0 0 0 0 9 0 0 0 0 0 0 0 0 0 0 0 0 0 0 0 0 0 0 0 2 0 0
1567022638 29518 0 1194 16 1096 0 2201 0 1 0 0 0 637 0 0 0 0 0 0 0 9 0 0 0 0 0 0 0 0 0 0 0 0 0 0 0 0 0 0 0 2 0 0
1567023350 29519 0 1194 16 1096 0 2201 0 1 0 0 0 637 0 0 0 0 0 0 0 9 0 0 0 0 0 0 0 0 0 0 0 0 0 0 0 0 0 0 0 2 0 0
1567024676 29541 0 1194 16 1096 0 2201 0 1 0 0 0 637 0 0 0 0 0 0 0 9 0 0 0 0 0 0 0 0 0 0 0 0 0 0 0 0 0 0 0 2 0 0
1567029694 29543 0 1194 16 1096 0 2201 0 1 0 0 0 637 0 0 0 0 0 0 0 9 0 0 0 0 0 0 0 0 0 0 0 0 0 0 0 0 0 0 0 2 0 0
1567043801 29543 0 1194 16 1096 0 2201 0 1 0 0 0 637 0 0 0 0 0 0 0 9 0 0 0 0 0 0 0 0 0 0 0 0 0 0 0 0 0 0 0 2 0 0
1567045133 29543 0 1194 16 1096 0 2201 0 1 0 0 0 637 0 0 0 0 0 0 0 9 0 0 0 0 0 0 0 0 0 0 0 0 0 0 0 0 0 0 0 2 0 0
1567050994 29543 0 1195 16 1096 0 2201 0 1 0 0 0 637 0 0 0 0 0 0 0 9 0 0 0 0 0 0 0 0 0 0 0 0 0 0 0 0 0 0 0 2 0 0
1567051350 29543 0 1195 16 1096 0 2201 0 1 0 0 0 637 0 0 0 0 0 0 0 9 0 0 0 0 0 0 0 0 0 0 0 0 0 0 0 0 0 0 0 2 0 0
1567074246 29543 0 1195 16 1096 0 2201 0 1 0 0 0 637 0 0 0 0 0 0 0 9 0 0 0 0 0 0 0 0 0 0 0 0 0 0 0 0 0 0 0 2 0 0
1567082766 29543 0 1195 16 1096 0 2201 0 1 0 0 0 637 0 0 0 0 0 0 0 9 0 0 0 0 0 0 0 0 0 0 0 0 0 0 0 0 0 0 0 2 0 0
1567084565 29543 0 1196 16 1096 0 2201 0 1 0 0 0 637 0 0 0 0 0 0 0 9 0 0 0 0 0 0 0 0 0 0 0 0 0 0 0 0 0 0 0 2 0 0
1567086651 29544 0 1196 16 1096 0 2201 0 1 0 0 0 637 0 0 0 0 0 0 0 9 0 0 0 0 0 0 0 0 0 0 0 0 0 0 0 0 0 0 0 2 0 0
1567102022 29544 0 1196 16 1096 0 2201 0 1 0 0 0 637 0 0 0 0 0 0 0 9 0 0 0 0 0 0 0 0 0 0 0 0 0 0 0 0 0 0 0 2 0 0
1567102197 29544 0 1196 16 1096 0 2201 0 1 0 0 0 637 0 0 0 0 0 0 0 9 0 0 0 0 0 0 0 0 0 0 0 0 0 0 0 0 0 0 0 2 0 0
1567174513 29544 0 1196 16 1096 0 2201 0 1 0 0 0 637 0 0 0 0 0 0 0 9 0 0 0 0 0 0 0 0 0 0 0 0 0 0 0 0 0 0 0 2 0 0
1567487462 29547 0 1196 16 1096 0 2201 0 1 0 0 0 637 0 0 0 0 0 0 0 9 0 0 0 0 0 0 0 0 0 0 0 0 0 0 0 0 0 0 0 2 0 0
1567635572 29547 0 1196 16 1096 0 2201 0 1 0 0 0 637 0 0 0 0 0 0 0 9 0 0 0 0 0 0 0 0 0 0 0 0 0 0 0 0 0 0 0 2 0 0
1567712613 29554 0 1196 16 1096 0 2201 0 1 0 0 0 637 0 0 0 0 0 0 0 9 0 0 0 0 0 0 0 0 0 0 0 0 0 0 0 0 0 0 0 2 0 0
1567713962 29560 0 1196 16 1096 0 2201 0 1 0 0 0 637 0 0 0 0 0 0 0 9 0 0 0 0 0 0 0 0 0 0 0 0 0 0 0 0 0 0 0 2 0 0
1567794574 29575 0 1196 16 1096 0 2201 0 1 0 0 0 637 0 0 0 0 0 0 0 9 0 0 0 0 0 0 0 0 0 0 0 0 0 0 0 0 0 0 0 2 0 0
1567798215 29575 0 1196 16 1096 0 2201 0 1 0 0 0 637 0 0 0 0 0 0 0 9 0 0 0 0 0 0 0 0 0 0 0 0 0 0 0 0 0 0 0 2 0 0
1568224021 29575 0 1229 16 1096 0 2201 0 1 0 0 0 637 0 0 0 0 0 0 0 9 0 0 0 0 0 0 0 0 0 0 0 0 0 0 0 0 0 0 0 2 0 0
1568322104 29575 0 1229 16 1096 0 2201 0 1 0 0 0 637 0 0 0 0 0 0 0 9 0 0 0 0 0 0 0 0 0 0 0 0 0 0 0 0 0 0 0 2 0 0
1568367775 29575 0 1229 16 1096 0 2201 0 1 0 0 0 637 0 0 0 0 0 0 0 9 0 0 0 0 0 0 0 0 0 0 0 0 0 0 0 0 0 0 0 2 0 0
1568649898 29575 0 1238 16 1096 0 2201 0 1 0 0 0 637 0 0 0 0 0 0 0 9 0 0 0 0 0 0 0 0 0 0 0 0 0 0 0 0 0 0 0 2 0 0
1568867233 29575 50 1238 16 1096 0 2201 0 1 0 0 0 637 0 0 0 0 0 0 0 9 0 0 930 0 0 0 0 0 0 0 0 0 0 0 0 0 0 0 0 2 0 0
1568900217 29575 74 1238 16 1096 0 2201 0 1 0 0 0 637 0 0 0 0 0 0 0 9 0 0 930 0 0 0 0 0 0 0 0 0 0 0 0 0 0 0 0 2 0 0
1568900508 29575 78 1238 16 1096 0 2201 0 1 0 0 0 637 0 0 0 0 0 0 0 9 0 0 930 0 0 0 0 0 0 0 0 0 0 0 0 0 0 0 0 2 0 0
1568902896 29575 81 1238 16 1096 0 2201 0 1 0 0 0 637 0 0 0 0 0 0 0 9 0 0 930 0 0 0 0 0 0 0 0 0 0 0 0 0 0 0 0 2 0 0
1569148415 29575 358 1238 16 1096 0 2201 0 1 0 0 0 637 0 0 0 0 0 0 0 9 0 0 930 0 0 0 0 0 0 0 0 0 0 0 0 0 0 0 0 2 0 0
1569149295 29575 436 1238 16 1096 0 2201 0 1 0 0 0 637 0 0 0 0 0 0 0 9 0 0 930 0 0 0 0 0 0 0 0 0 0 0 0 0 0 0 0 2 0 0
1569264149 29592 436 1238 16 1096 0 2201 0 1 0 0 0 637 0 0 0 0 0 0 0 9 0 0 930 0 0 0 0 0 0 0 0 0 0 0 0 0 0 0 0 2 0 0
1569268821 29592 436 1238 16 1096 0 2201 0 1 0 0 0 637 0 0 0 0 0 0 0 9 0 0 930 0 0 0 0 0 0 0 0 0 0 0 0 0 0 0 0 2 0 0
1569291380 29592 436 1238 16 1096 0 2201 0 1 0 0 0 637 0 0 0 0 0 0 0 9 0 0 930 0 0 0 0 0 0 0 0 0 0 0 0 0 0 0 0 2 0 0
1569353102 29592 436 1238 16 1096 0 2201 0 1 0 0 0 637 0 0 0 0 0 0 0 9 0 0 930 0 0 0 0 0 0 0 0 0 0 0 0 0 0 0 0 2 0 0
1569353342 29598 436 1238 16 1096 0 2201 0 1 0 0 0 637 0 0 0 0 0 0 0 9 0 0 930 0 0 0 0 0 0 0 0 0 0 0 0 0 0 0 0 2 0 0
1569356713 29598 436 1239 16 1096 0 2201 0 1 0 0 0 637 0 0 0 0 0 0 0 9 0 0 930 0 0 0 0 0 0 0 0 0 0 0 0 0 0 0 0 2 0 0
1569358514 29598 436 1239 16 1096 0 2201 0 1 0 0 0 637 0 0 0 0 0 0 0 9 0 0 930 0 0 0 0 0 0 0 0 0 0 0 0 0 0 0 0 2 0 0
1569378098 29602 436 1239 16 1096 0 2201 0 1 0 0 0 637 0 0 0 0 0 0 0 9 0 0 930 0 0 0 0 0 0 0 0 0 0 0 0 0 0 0 0 2 0 0
1569431311 29602 436 1239 16 1096 0 2201 0 1 0 0 0 637 0 0 0 0 0 0 0 9 0 0 930 0 0 0 0 0 0 0 0 0 0 0 0 0 0 0 0 2 0 0
1569431671 29602 436 1239 16 1096 0 2201 0 1 0 0 0 637 0 0 0 0 0 0 0 9 0 0 930 0 0 0 0 0 0 0 0 0 0 0 0 0 0 0 0 2 0 0
1569431995 29602 436 1239 16 1096 0 2201 0 1 0 0 0 637 0 0 0 0 0 0 0 9 0 0 930 0 0 0 0 0 0 0 0 0 0 0 0 0 0 0 0 2 0 0
1569435183 29602 436 1241 16 1096 0 2201 0 1 0 0 0 637 0 0 0 0 0 0 0 9 0 0 930 0 0 0 0 0 0 0 0 0 0 0 0 0 0 0 0 2 0 0
1569469544 29602 436 1242 16 1096 0 2201 0 1 0 0 0 637 0 0 0 0 0 0 0 9 0 0 930 0 0 0 0 0 0 0 0 0 0 0 0 0 0 0 0 2 0 0
1569575797 29602 438 1242 16 1096 0 2201 0 1 0 0 0 637 0 0 0 0 0 0 0 9 0 0 930 0 0 0 0 0 0 0 0 0 0 0 0 0 0 0 0 2 0 0
1569576167 29602 531 1242 16 1096 0 2201 0 1 0 0 0 637 0 0 0 0 0 0 0 9 0 0 930 0 0 0 0 0 0 0 0 0 0 0 0 0 0 0 0 2 0 0
1569576185 29602 531 1242 16 1096 0 2201 0 1 0 0 0 637 0 0 0 0 0 0 0 9 0 0 930 0 0 0 0 0 0 0 0 0 0 0 0 0 0 0 0 2 0 0
1569576829 29602 532 1242 16 1096 0 2201 0 1 0 0 0 637 0 0 0 0 0 0 0 9 0 0 930 0 0 0 0 0 0 0 0 0 0 0 0 0 0 0 0 2 0 0
1569576856 29602 540 1242 16 1096 0 2201 0 1 0 0 0 637 0 0 0 0 0 0 0 9 0 0 930 0 0 0 0 0 0 0 0 0 0 0 0 0 0 0 0 2 0 0
1569578431 29602 541 1242 16 1096 0 2201 0 1 0 0 0 637 0 0 0 0 0 0 0 9 0 0 930 0 0 0 0 0 0 0 0 0 0 0 0 0 0 0 0 2 0 0
1569964089 29602 541 1242 16 1096 0 2201 0 1 0 0 0 637 0 0 0 0 0 0 0 9 0 0 930 0 0 0 0 0 0 0 0 0 0 0 0 0 0 0 0 2 0 0
1569982442 29602 541 1242 16 1096 0 2201 0 1 0 0 0 637 0 0 0 0 0 0 0 9 0 0 930 0 0 0 0 0 0 0 0 0 0 0 0 0 0 0 0 2 0 0
1570263606 29602 541 1242 16 1096 0 2201 0 1 0 0 0 637 0 0 0 0 0 0 0 9 0 0 930 0 0 0 0 0 0 0 0 0 0 0 0 0 0 0 0 2 0 0
1570263808 29602 544 1242 16 1096 0 2201 0 1 0 0 0 637 0 0 0 0 0 0 0 9 0 0 930 0 0 0 0 0 0 0 0 0 0 0 0 0 0 0 0 2 0 0
1570264645 29602 591 1242 16 1096 0 2201 0 1 0 0 0 637 0 0 0 0 0 0 0 9 0 0 930 0 0 0 0 0 0 0 0 0 0 0 0 0 0 0 0 2 0 0
1570265331 29602 607 1242 16 1096 0 2201 0 1 0 0 0 637 0 0 0 0 0 0 0 9 0 0 930 0 0 0 0 0 0 0 0 0 0 0 0 0 0 0 0 2 0 0
1570266109 29602 612 1242 16 1096 0 2201 0 1 0 0 0 637 0 0 0 0 0 0 0 9 0 0 930 0 0 0 0 0 0 0 0 0 0 0 0 0 0 0 0 2 0 0
1570267233 29602 676 1242 16 1096 0 2201 0 1 0 0 0 637 0 0 0 0 0 0 0 9 0 0 930 0 0 0 0 0 0 0 0 0 0 0 0 0 0 0 0 2 0 0
1570272026 29602 702 1242 16 1096 0 2201 0 1 0 0 0 637 0 0 0 0 0 0 0 9 0 0 930 0 0 0 0 0 0 0 0 0 0 0 0 0 0 0 0 2 0 0
1570273131 29602 708 1242 16 1096 0 2201 0 1 0 0 0 637 0 0 0 0 0 0 0 9 0 0 930 0 0 0 0 0 0 0 0 0 0 0 0 0 0 0 0 2 0 0
1570273153 29602 708 1242 16 1096 0 2201 0 1 0 0 0 637 0 0 0 0 0 0 0 9 0 0 930 0 0 0 0 0 0 0 0 0 0 0 0 0 0 0 0 2 0 0
1570473471 29613 708 1242 16 1096 0 2201 0 1 0 0 0 637 0 0 0 0 0 0 0 9 0 0 930 0 0 0 0 0 0 0 0 0 0 0 0 0 0 0 0 2 0 0
1570562774 29613 708 1242 16 1096 0 2201 0 1 0 0 0 637 0 0 0 0 0 0 0 9 0 0 930 0 0 0 0 0 0 0 0 0 0 0 0 0 0 0 0 2 0 0
1570563325 29613 726 1242 16 1096 0 2201 0 1 0 0 0 637 0 0 0 0 0 0 0 9 0 0 930 0 0 0 0 0 0 0 0 0 0 0 0 0 0 0 0 2 0 0
1570563487 29613 727 1242 16 1096 0 2201 0 1 0 0 0 637 0 0 0 0 0 0 0 9 0 0 930 0 0 0 0 0 0 0 0 0 0 0 0 0 0 0 0 2 0 0
1570566355 29613 727 1242 16 1096 0 2201 0 1 0 0 0 637 0 0 0 0 0 0 0 9 0 0 930 0 0 0 0 0 0 0 0 0 0 0 0 0 0 0 0 2 0 0
1570569050 29613 727 1242 16 1096 0 2201 0 1 0 0 0 637 0 0 0 0 0 0 0 9 0 0 930 0 0 0 0 0 0 0 0 0 0 0 0 0 0 0 0 2 0 0
1570569995 29618 727 1242 16 1096 0 2201 0 1 0 0 0 637 0 0 0 0 0 0 0 9 0 0 930 0 0 0 0 0 0 0 0 0 0 0 0 0 0 0 0 2 0 0
1570636810 29618 727 1242 16 1096 0 2201 0 1 0 0 0 637 0 0 0 0 0 0 0 9 0 0 930 0 0 0 0 0 0 0 0 0 0 0 0 0 0 0 0 2 0 0
1571060209 29621 727 1242 16 1096 0 2201 0 1 0 0 0 637 0 0 0 0 0 0 0 9 0 0 930 0 0 0 0 0 0 0 0 0 0 0 0 0 0 0 0 2 0 0
1571065206 29621 727 1242 16 1096 0 2201 0 1 0 0 0 637 0 0 0 0 0 0 0 9 0 0 930 0 0 0 0 0 0 0 0 0 0 0 0 0 0 0 0 2 0 0
1571432066 29625 727 1242 16 1096 0 2201 0 1 0 0 0 637 0 0 0 0 0 0 0 9 0 0 930 0 0 0 0 0 0 0 0 0 0 0 0 0 0 0 0 2 0 0
1571434539 29625 727 1242 16 1096 0 2201 0 1 0 0 0 637 0 0 0 0 0 0 0 9 0 0 930 0 0 0 0 0 0 0 0 0 0 0 0 0 0 0 0 2 0 0
1571816504 29625 727 1242 16 1096 0 2201 0 1 0 0 0 637 0 0 0 0 0 0 0 9 0 0 930 0 0 0 0 0 0 0 0 0 0 0 0 0 0 0 0 2 0 0
1572031942 29625 727 1245 16 1096 0 2201 0 1 0 0 0 637 0 0 0 0 0 0 0 9 0 0 930 0 0 0 0 0 0 0 0 0 0 0 0 0 0 0 0 2 0 0
1572286951 29625 727 1245 16 1096 0 2201 0 1 0 0 0 637 0 0 0 0 0 0 0 9 0 0 930 0 0 0 0 0 0 0 0 0 0 0 0 0 0 0 0 2 0 0
1572289876 29625 727 1245 16 1096 0 2201 0 1 0 0 0 637 0 0 0 0 0 0 0 9 0 0 930 0 0 0 0 0 0 0 0 0 0 0 0 0 0 0 0 2 0 0
1572372539 29625 727 1245 16 1096 0 2201 0 1 0 0 0 637 0 0 0 0 0 0 0 9 0 0 930 0 0 0 0 0 0 0 0 0 0 0 0 0 0 3 0 2 0 0
1572632067 29625 727 1245 16 1096 0 2201 0 1 0 0 0 637 0 0 0 0 0 0 0 9 0 0 930 0 0 0 0 0 0 0 0 0 0 0 0 0 0 3 0 2 0 0
1572642340 29625 727 1245 16 1096 0 2201 0 1 0 0 0 637 0 0 0 0 0 0 0 9 0 0 930 0 0 0 0 0 0 0 0 0 0 0 0 0 0 3 0 2 0 0
1573079507 29628 727 1245 16 1096 0 2201 0 1 0 0 0 637 0 0 0 0 0 0 0 9 0 0 930 0 0 0 0 0 0 0 0 0 0 0 0 0 0 3 0 2 0 0
1573137026 29628 727 1245 16 1096 0 2201 0 1 0 0 0 637 0 0 0 0 0 0 0 9 0 0 930 0 0 0 0 0 0 0 0 0 0 0 0 0 0 3 0 2 0 0
1573158978 29628 727 1245 16 1096 0 2201 0 1 0 0 0 637 0 0 0 0 0 0 0 9 0 0 930 0 0 0 0 0 0 0 0 0 0 0 0 0 0 3 0 2 0 0
1573164740 29628 727 1245 16 1096 0 2201 0 1 0 0 0 637 0 0 0 0 0 0 0 9 0 0 930 0 0 0 0 0 0 0 0 0 0 0 0 0 0 3 0 2 0 0
1573164907 29628 727 1245 16 1096 0 2201 0 1 0 0 0 637 0 0 0 0 0 0 0 9 0 0 930 0 0 0 0 0 0 0 0 0 0 0 0 0 0 3 0 2 0 0
1573167545 29628 727 1245 16 1096 0 2201 0 1 0 0 0 637 0 0 0 0 0 0 0 9 0 0 930 0 0 0 0 0 0 0 0 0 0 0 0 0 0 3 0 2 0 0
1573249480 29628 727 1245 16 1096 0 2201 0 1 0 0 0 637 0 0 0 0 0 0 0 9 0 0 930 0 0 0 0 0 0 0 0 0 0 0 0 0 0 3 0 2 0 0
1573271464 29628 727 1245 16 1096 0 2201 0 1 0 0 0 637 0 0 0 0 0 0 0 9 0 0 930 0 0 0 0 0 0 0 0 0 0 0 0 0 0 3 0 2 0 0
1573271625 29628 727 1245 16 1096 0 2201 0 1 0 0 0 637 0 0 0 0 0 0 0 9 0 0 930 0 0 0 0 0 0 0 0 0 0 0 0 0 0 3 0 2 0 0
1573848062 29658 727 1245 16 1096 0 2201 0 1 0 0 0 637 0 0 0 0 0 0 0 9 0 0 930 0 0 0 0 0 0 0 0 0 0 0 0 0 0 3 0 2 0 0
1573858452 29658 727 1245 16 1096 0 2201 0 1 0 0 0 637 0 0 0 0 0 0 0 9 0 0 930 0 0 0 0 0 0 0 0 0 0 0 0 0 0 3 0 2 0 0
1574614536 29658 727 1245 16 1096 0 2201 0 1 0 0 0 637 0 0 0 0 0 0 0 9 0 0 930 0 0 0 0 0 0 0 0 0 0 0 0 0 0 3 0 2 0 0
1574690269 29658 727 1245 16 1096 0 2201 0 1 0 0 0 637 0 0 0 0 0 0 0 9 0 0 930 0 0 0 0 0 0 0 0 0 0 0 0 0 0 3 0 2 0 0
1574870726 29658 727 1245 16 1303 0 2201 0 1 0 0 0 637 0 0 0 0 0 0 0 9 0 0 930 0 0 0 0 0 0 0 0 0 0 0 0 0 0 3 0 2 0 0
1574904558 29658 727 1245 16 1366 0 2201 0 1 0 0 0 637 0 0 0 0 0 0 0 9 0 0 930 0 0 0 0 0 0 0 0 0 0 0 0 0 0 3 0 2 0 0
1575584931 29658 727 1245 16 1609 0 2201 0 1 0 0 0 637 0 0 0 0 0 0 0 9 0 0 930 0 0 0 0 0 0 0 0 0 0 0 0 0 0 3 0 2 0 0
1575601789 29658 727 1245 16 1610 0 2201 0 1 0 0 0 637 0 0 0 0 0 0 0 9 0 0 930 0 0 0 0 0 0 0 0 0 0 0 0 0 0 3 0 2 0 0
1575659022 29661 727 1245 16 1610 0 2201 0 1 0 0 0 637 0 0 0 0 0 0 0 9 0 0 930 0 0 0 0 0 0 0 0 0 0 0 0 0 0 3 0 2 0 0
1575900576 29661 727 1245 16 1610 0 2201 0 1 0 0 538 637 0 0 0 0 0 0 0 9 0 0 930 0 0 0 0 0 0 0 0 0 0 0 0 0 0 3 0 2 0 0
1575901338 29661 727 1245 16 1610 0 2201 0 1 0 0 680 637 0 0 0 0 0 0 0 9 0 0 930 0 0 0 0 0 0 0 0 0 0 0 0 0 0 3 0 2 0 0
1575910956 29673 727 1245 16 1610 0 2201 0 1 0 0 680 637 0 0 0 0 0 0 0 9 0 0 930 0 0 0 0 0 0 0 0 0 0 0 0 0 0 3 0 2 0 0
1575979976 29673 727 1245 16 1610 0 2201 0 1 0 0 680 637 0 0 0 0 0 0 0 9 0 0 930 0 0 0 0 0 0 0 0 0 0 0 0 0 0 3 0 2 0 0
1576083312 29673 727 1245 16 1610 0 2201 0 1 0 0 990 637 0 0 0 0 0 0 0 9 0 0 930 0 0 0 0 0 0 0 0 0 0 0 0 0 0 3 0 2 0 0
1576084751 29673 727 1245 16 1610 0 2201 0 1 0 0 990 637 0 0 0 0 0 0 0 9 0 0 930 0 0 0 0 0 0 0 0 0 0 0 0 0 0 3 0 2 0 0
1576603828 29673 727 1245 16 1610 0 2201 0 1 0 0 990 637 0 0 0 0 0 0 0 9 0 0 930 0 0 0 0 0 0 0 0 0 0 0 0 0 0 3 0 2 0 0
1576611944 29673 727 1245 16 1610 0 2201 0 1 0 0 990 637 0 0 0 0 0 0 0 9 0 0 930 0 0 0 0 0 0 0 0 0 0 0 0 0 0 3 0 2 0 0
1576617305 29673 727 1245 16 1610 0 2201 0 1 0 0 990 637 0 0 0 0 0 0 0 9 0 0 930 0 0 0 0 0 0 0 0 0 0 0 0 0 0 3 0 2 0 0
1576619305 29673 727 1245 16 1610 0 2201 0 1 0 0 990 637 0 0 0 0 0 0 0 9 0 0 930 0 0 0 0 0 0 0 0 0 0 0 0 0 0 3 0 2 0 0
1576619452 29673 727 1245 16 1610 0 2201 0 1 0 0 990 637 0 0 0 0 0 0 0 9 0 0 930 0 0 0 0 0 0 0 0 0 0 0 0 0 0 3 0 2 0 0
1576878177 29695 727 1245 16 1610 0 2201 0 1 0 0 990 637 0 0 0 0 0 0 0 9 0 0 930 0 0 0 0 0 0 0 0 0 0 0 0 0 0 3 0 2 0 0
1576882123 29719 727 1245 16 1610 0 2201 0 1 0 0 990 637 0 0 0 0 0 0 0 9 0 0 930 0 0 0 0 0 0 0 0 0 0 0 0 0 0 3 0 2 0 0
1576894437 29727 727 1245 16 1610 0 2201 0 1 0 0 990 637 0 0 0 0 0 0 0 9 0 0 930 0 0 0 0 0 0 0 0 0 0 0 0 0 0 3 0 2 0 0
1576943372 29727 727 1245 16 1610 0 2201 0 1 0 0 990 637 0 0 0 0 0 0 0 9 0 0 930 0 0 0 0 0 0 0 0 0 0 0 0 0 0 3 0 2 0 0
1576945321 29727 727 1245 16 1610 0 2201 0 1 0 0 990 637 0 0 0 0 0 0 0 9 0 0 930 0 0 0 0 0 0 0 0 0 0 0 0 0 0 3 0 2 0 0
1577398049 30088 727 1245 16 1610 0 2201 0 1 0 0 990 637 0 0 0 0 0 0 0 9 0 0 930 0 0 0 0 0 0 0 0 0 0 0 0 0 0 3 0 2 0 0
1577399462 30115 727 1245 16 1610 0 2201 0 1 0 0 990 637 0 0 0 0 0 0 0 9 0 0 930 0 0 0 0 0 0 0 0 0 0 0 0 0 0 3 0 2 0 0
1577458204 30115 727 1245 16 1610 0 2201 0 1 0 0 990 637 0 0 0 0 0 0 0 9 0 0 930 0 0 0 0 0 0 0 0 0 0 0 0 0 0 3 0 2 0 0
1577461030 30115 727 1245 16 1610 0 2201 0 1 0 0 990 637 0 0 0 0 0 0 0 9 0 0 930 0 0 0 0 0 0 0 0 0 0 0 0 0 0 3 0 2 0 0
1577461874 30115 727 1245 16 1610 0 2201 0 1 0 0 990 637 0 0 0 0 0 0 0 9 0 0 930 0 0 0 0 0 0 0 0 0 0 0 0 0 0 3 0 2 0 0
1577739766 30195 727 1245 16 1610 0 2201 0 1 0 0 990 637 0 0 0 0 0 0 0 9 0 0 930 0 0 0 0 0 0 0 0 0 0 0 0 0 0 3 0 2 0 0
1577995884 30236 727 1245 16 1610 0 2201 0 1 0 0 990 637 0 0 0 0 0 0 0 9 0 0 930 0 0 0 0 0 0 0 0 0 0 0 0 0 0 3 0 2 0 0
1578069971 30257 727 1245 16 1610 0 2201 0 1 0 0 990 637 0 0 0 0 0 0 0 9 0 0 930 0 0 0 0 0 0 0 0 0 0 0 0 0 0 3 0 2 0 0
1578077415 30263 727 1245 16 1610 0 2201 0 1 0 0 990 637 0 0 0 0 0 0 0 9 0 0 930 0 0 0 0 0 0 0 0 0 0 0 0 0 0 3 0 2 0 0
1578078413 30267 727 1245 16 1610 0 2201 0 1 0 0 990 637 0 0 0 0 0 0 0 9 0 0 930 0 0 0 0 0 0 0 0 0 0 0 0 0 0 3 0 2 0 0
1578084070 30269 727 1245 16 1610 0 2201 0 1 0 0 990 637 0 0 0 0 0 0 0 9 0 0 930 0 0 0 0 0 0 0 0 0 0 0 0 0 0 3 0 2 0 0
1578084843 30271 727 1245 16 1610 0 2201 0 1 0 0 990 637 0 0 0 0 0 0 0 9 0 0 930 0 0 0 0 0 0 0 0 0 0 0 0 0 0 3 0 2 0 0
1578087280 30306 727 1245 16 1610 0 2201 0 1 0 0 990 637 0 0 0 0 0 0 0 9 0 0 930 0 0 0 0 0 0 0 0 0 0 0 0 0 0 3 0 2 0 0
1578087305 30307 727 1245 16 1610 0 2201 0 1 0 0 990 637 0 0 0 0 0 0 0 9 0 0 930 0 0 0 0 0 0 0 0 0 0 0 0 0 0 3 0 2 0 0
1578088900 30307 727 1245 16 1610 0 2201 0 1 0 0 990 637 0 0 0 0 0 0 0 9 0 0 930 0 0 0 0 0 0 0 0 0 0 0 0 0 0 3 0 2 0 0
1578089039 30307 727 1245 16 1610 0 2201 0 1 0 0 990 637 0 0 0 0 0 0 0 9 0 0 930 0 0 0 0 0 0 0 0 0 0 0 0 0 0 3 0 2 0 0
1578163103 30469 727 1245 16 1610 0 2201 0 1 0 0 990 637 0 0 0 0 0 0 0 9 0 0 930 0 0 0 0 0 0 0 0 0 0 0 0 0 0 3 0 2 0 0
1578240605 30471 727 1245 16 1610 0 2201 0 1 0 0 990 637 0 0 0 0 0 0 0 9 0 0 930 0 0 0 0 0 0 0 0 0 0 0 0 0 0 3 0 2 0 0
1578322802 30471 727 1245 16 1610 0 2201 0 1 0 0 990 637 0 0 0 0 0 0 0 9 0 0 930 0 0 0 0 0 0 0 0 0 0 0 0 0 0 3 0 2 0 0
1578324490 30471 727 1245 16 1610 0 2201 0 1 0 0 990 637 0 0 0 0 0 0 0 9 0 0 930 0 0 0 0 0 0 0 0 0 0 0 0 0 0 3 0 2 0 0
1578348772 30475 727 1245 16 1610 0 2201 0 1 0 0 990 637 0 0 0 0 0 0 0 9 0 0 930 0 0 0 0 0 0 0 0 0 0 0 0 0 0 3 0 2 0 0
1578439442 30481 727 1245 16 1610 0 2201 0 1 0 0 990 637 0 0 0 0 0 0 0 9 0 0 930 0 0 0 0 0 0 0 0 0 0 0 0 0 0 3 0 2 0 0
1578440707 30481 727 1245 16 1610 0 2201 0 1 0 0 990 637 0 0 0 0 0 0 0 9 0 0 930 0 0 0 0 0 0 0 0 0 0 0 0 0 0 3 0 2 0 0
1578440930 30481 727 1245 16 1610 0 2201 0 1 0 0 990 637 0 0 0 0 0 0 0 9 0 0 930 0 0 0 0 0 0 0 0 0 0 0 0 0 0 3 0 2 0 0
1578661607 30481 727 1245 16 1610 0 2201 0 1 0 0 1005 637 0 0 0 0 0 0 0 9 0 0 930 0 0 0 0 0 0 0 0 0 0 0 0 0 0 3 0 2 0 0
1578662104 30481 727 1245 16 1610 0 2201 0 1 0 0 1005 637 0 0 0 0 0 0 0 9 0 0 930 0 0 0 0 0 0 0 0 0 0 0 0 0 0 3 0 2 0 0
1578668511 30481 727 1245 16 1610 0 2201 0 1 0 0 1019 637 0 0 0 0 0 0 0 9 0 0 930 0 0 0 0 0 0 0 0 0 0 0 0 0 0 3 0 2 0 0
1578671819 30481 727 1245 16 1610 0 2201 0 1 0 0 1022 637 0 0 0 0 0 0 0 9 0 0 930 0 0 0 0 0 0 0 0 0 0 0 0 0 0 3 0 2 0 0
1578684630 30481 727 1245 16 1610 0 2201 0 1 0 0 1022 637 0 0 0 0 0 0 0 9 0 0 930 0 0 0 0 0 0 0 0 0 0 0 0 0 0 3 0 2 0 0
1578686032 30489 727 1245 16 1610 0 2201 0 1 0 0 1022 637 0 0 0 0 0 0 0 9 0 0 930 0 0 0 0 0 0 0 0 0 0 0 0 0 0 3 0 2 0 0
1578686084 30489 727 1245 16 1610 0 2201 0 1 0 0 1022 637 0 0 0 0 0 0 0 9 0 0 930 0 0 0 0 0 0 0 0 0 0 0 0 0 0 3 0 2 0 0
1578933567 30489 727 1245 16 1610 0 2201 0 1 0 0 1022 637 0 0 0 0 0 0 0 9 0 0 930 0 0 0 0 0 0 0 0 0 0 0 0 0 0 3 0 2 0 0
1578946792 30492 727 1245 16 1610 0 2201 0 1 0 0 1022 637 0 0 0 0 0 0 0 9 0 0 930 0 0 0 0 0 0 0 0 0 0 0 0 0 0 3 0 2 0 0
1578950923 30492 727 1245 16 1610 0 2201 0 1 0 0 1022 637 0 0 0 0 0 0 0 9 0 0 930 0 0 0 0 0 0 0 0 0 0 0 0 0 0 3 0 2 0 0
1579194438 30492 727 1245 16 1673 0 2201 0 1 0 0 1022 637 0 0 0 0 0 0 0 9 0 0 930 0 0 0 0 0 0 0 0 0 0 0 0 0 0 3 0 2 0 0
1579196827 30568 727 1245 16 1673 0 2201 0 1 0 0 1022 637 0 0 0 0 0 0 0 9 0 0 930 0 0 0 0 0 0 0 0 0 0 0 0 0 0 3 0 2 0 0
1579198944 30568 727 1245 16 1673 0 2201 0 1 0 0 1022 637 0 0 0 0 0 0 0 9 0 0 930 0 0 0 0 0 0 0 0 0 0 0 0 0 0 3 0 2 0 0
1579204909 30568 727 1245 16 1673 0 2201 0 1 0 0 1022 637 0 0 0 0 0 0 0 9 0 0 930 0 0 0 0 0 0 0 0 0 0 0 0 0 0 3 0 2 0 0
1579205172 30570 727 1245 16 1673 0 2201 0 1 0 0 1022 637 0 0 0 0 0 0 0 9 0 0 930 0 0 0 0 0 0 0 0 0 0 0 0 0 0 3 0 2 0 0
1579213485 30570 727 1245 16 1673 0 2201 0 1 0 0 1022 637 0 0 0 0 0 0 0 9 0 0 930 0 0 0 0 0 0 0 0 0 0 0 0 0 0 3 0 2 0 0
1579805636 30649 727 1245 16 1673 0 2201 0 1 0 0 1022 637 0 0 0 0 0 0 0 9 0 0 930 0 0 0 0 0 0 0 0 0 0 0 0 0 0 3 0 2 0 0
1579818111 30649 727 1245 16 1673 0 2201 0 1 0 0 1022 637 0 0 0 0 0 0 0 9 0 0 930 0 0 0 0 0 0 0 0 0 0 0 0 0 0 3 0 2 0 0
1579907720 30649 727 1245 16 1777 0 2201 0 1 0 0 1022 637 0 0 0 0 0 0 0 9 0 0 930 0 0 0 0 0 0 0 0 0 0 0 0 0 0 3 0 2 0 0
1579979398 30649 727 1245 16 1787 0 2201 0 1 0 0 1022 637 0 0 0 0 0 0 0 9 0 0 930 0 0 0 0 0 0 0 0 0 0 0 0 0 0 3 0 2 0 0
1579979877 30649 727 1245 16 1787 0 2201 0 1 0 0 1022 637 0 0 0 0 0 0 0 9 0 0 930 0 0 0 0 0 0 0 0 0 0 0 0 0 0 3 0 2 0 0
1580145500 30663 727 1245 16 1787 0 2201 0 1 0 0 1022 637 0 0 0 0 0 0 0 9 0 0 930 0 0 0 0 0 0 0 0 0 0 0 0 0 0 3 0 2 0 0
1580147884 30663 727 1245 16 1787 0 2201 0 1 0 0 1022 637 0 0 0 0 0 0 0 9 0 0 930 0 0 0 0 0 0 0 0 0 0 0 0 0 0 3 0 2 0 0
1580162340 30663 727 1245 16 1787 0 2201 0 1 0 0 1022 637 0 0 0 0 0 0 0 9 0 0 930 0 0 0 0 0 0 0 0 0 0 0 0 0 0 3 0 2 0 0
1580178388 30663 727 1245 16 1787 0 2201 0 1 0 0 1022 637 0 0 0 0 0 0 0 9 0 0 930 0 0 0 0 0 0 0 0 0 0 0 0 0 0 3 0 2 0 0
1580423590 30677 727 1245 16 1787 0 2201 0 1 0 0 1022 637 0 0 0 0 0 0 0 9 0 0 930 0 0 0 0 0 0 0 0 0 0 0 0 0 0 3 0 2 0 0
1580426368 30678 727 1245 16 1787 0 2201 0 1 0 0 1022 637 0 0 0 0 0 0 0 9 0 0 930 0 0 0 0 0 0 0 0 0 0 0 0 0 0 3 0 2 0 0
1580432303 30678 727 1245 16 1996 0 2201 0 1 0 0 1022 637 0 0 0 0 0 0 0 9 0 0 930 0 0 0 0 0 0 0 0 0 0 0 0 0 0 3 0 2 0 0
1580434812 30678 727 1245 16 2002 0 2201 0 1 0 0 1022 637 0 0 0 0 0 0 0 9 0 0 930 0 0 0 0 0 0 0 0 0 0 0 0 0 0 3 0 2 0 0
1580436933 30678 727 1245 16 2007 0 2201 0 1 0 0 1022 637 0 0 0 0 0 0 0 9 0 0 930 0 0 0 0 0 0 0 0 0 0 0 0 0 0 3 0 2 0 0
1580439854 30678 727 1245 16 2012 0 2201 0 1 0 0 1022 637 0 0 0 0 0 0 0 9 0 0 930 0 0 0 0 0 0 0 0 0 0 0 0 0 0 3 0 2 0 0
1580440970 30728 727 1245 16 2012 0 2201 0 1 0 0 1022 637 0 0 0 0 0 0 0 9 0 0 930 0 0 0 0 0 0 0 0 0 0 0 0 0 0 3 0 2 0 0
1580441959 30728 727 1245 16 2013 0 2201 0 1 0 0 1022 637 0 0 0 0 0 0 0 9 0 0 930 0 0 0 0 0 0 0 0 0 0 0 0 0 0 3 0 2 0 0
1580443763 30735 727 1245 16 2013 0 2201 0 1 0 0 1022 637 0 0 0 0 0 0 0 9 0 0 930 0 0 0 0 0 0 0 0 0 0 0 0 0 0 3 0 2 0 0
1580443912 30735 727 1245 16 2013 0 2201 0 1 0 0 1022 637 0 0 0 0 0 0 0 9 0 0 930 0 0 0 0 0 0 0 0 0 0 0 0 0 0 3 0 2 0 0
1580443980 30735 727 1245 16 2013 0 2201 0 1 0 0 1022 637 0 0 0 0 0 0 0 9 0 0 930 0 0 0 0 0 0 0 0 0 0 0 0 0 0 3 0 2 0 0
1580447338 30744 727 1245 16 2013 0 2201 0 1 0 0 1022 637 0 0 0 0 0 0 0 9 0 0 930 0 0 0 0 0 0 0 0 0 0 0 0 0 0 3 0 2 0 0
1580447697 30753 727 1245 16 2013 0 2201 0 1 0 0 1022 637 0 0 0 0 0 0 0 9 0 0 930 0 0 0 0 0 0 0 0 0 0 0 0 0 0 3 0 2 0 0
1580481072 30753 727 1245 16 2062 0 2201 0 1 0 0 1022 637 0 0 0 0 0 0 0 9 0 0 930 0 0 0 0 0 0 0 0 0 0 0 0 0 0 3 0 2 0 0
1580481463 30753 727 1245 16 2062 0 2201 0 1 0 0 1022 637 0 0 0 0 0 0 0 9 0 0 930 0 0 0 0 0 0 0 0 0 0 0 0 0 0 3 0 2 0 0
1580481503 30753 727 1245 16 2062 0 2201 0 1 0 0 1022 637 0 0 0 0 0 0 0 9 0 0 930 0 0 0 0 0 0 0 0 0 0 0 0 0 0 3 0 2 0 0
1580485623 30753 727 1245 16 2062 0 2201 0 1 0 0 1022 637 0 0 0 0 0 0 0 9 0 0 930 0 0 0 0 0 0 0 0 0 0 0 0 0 0 3 0 2 0 0
1580487989 30753 727 1245 16 2062 0 2201 0 1 0 0 1022 637 0 0 0 0 0 0 0 9 0 0 930 0 0 0 0 0 0 0 0 0 0 0 0 0 0 3 0 2 0 0
1580493025 30753 727 1245 16 2062 0 2201 0 1 0 0 1022 637 0 0 0 0 0 0 0 9 0 0 930 0 0 0 0 0 0 0 0 0 0 0 0 0 0 3 0 2 0 0
1580493291 30753 727 1245 16 2062 0 2201 0 1 0 0 1022 637 0 0 0 0 0 0 0 9 0 0 930 0 0 0 0 0 0 0 0 0 0 0 0 0 0 3 0 2 0 0
1580496699 30753 727 1245 16 2062 0 2201 0 1 0 0 1022 637 0 0 0 0 0 0 0 9 0 0 930 0 0 0 0 0 0 0 0 0 0 0 0 0 0 3 0 2 0 0
1581710320 30773 727 1245 16 2062 0 2201 0 1 0 0 1022 637 0 0 0 0 0 0 0 9 0 0 930 0 0 0 0 0 0 0 0 0 0 0 0 0 0 3 0 2 0 0
1581714240 30773 727 1245 16 2062 0 2201 0 1 0 0 1022 637 0 0 0 0 0 0 0 9 0 0 930 0 0 0 0 0 0 0 0 0 0 0 0 0 0 3 0 2 0 0
1582068601 30775 727 1245 16 2062 0 2201 0 1 0 0 1022 637 0 0 0 0 0 0 0 9 0 0 930 0 0 0 0 0 0 0 0 0 0 0 0 0 0 3 0 2 0 0
1582080380 30775 727 1245 16 2062 0 2201 0 1 0 0 1022 637 0 0 0 0 0 0 0 9 0 0 930 0 0 0 0 0 0 0 0 0 0 0 0 0 0 3 0 2 0 0
1582585297 30797 727 1245 16 2062 0 2201 0 1 0 0 1022 637 0 0 0 0 0 0 0 9 0 0 930 0 0 0 0 0 0 0 0 0 0 0 0 0 0 3 0 2 0 0
1582586685 30798 727 1245 16 2062 0 2201 0 1 0 0 1022 637 0 0 0 0 0 0 0 9 0 0 930 0 0 0 0 0 0 0 0 0 0 0 0 0 0 3 0 2 0 0
1582723206 30798 727 1245 16 2062 0 2201 0 1 0 0 1022 637 0 0 0 0 0 0 0 9 0 0 930 0 0 0 0 0 0 0 0 0 0 0 0 0 0 3 0 2 0 0
1582933000 30823 727 1245 16 2062 0 2201 0 1 0 0 1022 637 0 0 0 0 0 0 0 9 0 0 930 0 0 0 0 0 0 0 0 0 0 0 0 0 0 3 0 2 0 0
1583428633 30823 727 1245 16 2136 0 2201 0 1 0 0 1022 637 0 0 0 0 0 0 0 9 0 0 930 0 0 0 0 0 0 0 0 0 0 0 0 0 0 3 0 2 0 0
1583669319 30823 727 1245 16 2461 0 2201 0 1 0 0 1022 637 0 0 0 0 0 0 0 9 0 0 930 0 0 0 0 0 0 0 0 0 0 0 0 0 0 3 0 2 0 0
1583707254 30823 727 1245 16 2546 0 2201 0 1 0 0 1022 637 0 0 0 0 0 0 0 9 0 0 930 0 0 0 0 0 0 0 0 0 0 0 0 0 0 3 0 2 0 0
1583780688 30861 727 1245 16 2546 0 2201 0 1 0 0 1022 637 0 0 0 0 0 0 0 9 0 0 930 0 0 0 0 0 0 0 0 0 0 0 0 0 0 3 0 2 0 0
1583781054 30862 727 1245 16 2546 0 2201 0 1 0 0 1022 637 0 0 0 0 0 0 0 9 0 0 930 0 0 0 0 0 0 0 0 0 0 0 0 0 0 3 0 2 0 0
1583787570 30862 727 1245 16 2546 0 2201 0 1 0 0 1022 637 0 0 0 0 0 0 0 9 0 0 930 0 0 0 0 0 0 0 0 0 0 0 0 0 0 3 0 2 0 0
1583862965 30885 727 1245 16 2546 0 2201 0 1 0 0 1022 637 0 0 0 0 0 0 0 9 0 0 930 0 0 0 0 0 0 0 0 0 0 0 0 0 0 3 0 2 0 0
1583869931 30892 727 1245 16 2546 0 2201 0 1 0 0 1022 637 0 0 0 0 0 0 0 9 0 0 930 0 0 0 0 0 0 0 0 0 0 0 0 0 0 3 0 2 0 0
1583874557 30892 727 1245 16 2546 0 2201 0 1 0 0 1022 637 0 0 0 0 0 0 0 9 0 0 930 0 0 0 0 0 0 0 0 0 0 0 0 0 0 3 0 2 0 0
1584629085 30892 2409 1245 16 2546 0 2201 0 1 0 0 1022 637 0 0 0 0 0 0 0 9 0 0 930 0 0 0 0 0 0 0 0 0 0 0 0 0 0 3 0 2 0 0
1584717115 30892 2409 1245 520 2546 0 2201 0 1 0 0 1022 637 0 0 0 0 0 0 0 9 0 0 930 0 0 0 0 0 0 0 0 0 0 0 0 0 0 3 0 2 0 0
1585083245 30892 2409 1245 925 2546 0 2201 0 1 0 0 1022 637 0 0 0 0 0 0 0 9 0 0 930 0 0 0 0 0 0 0 0 0 0 0 0 0 0 3 0 2 0 0
1585228673 30909 2409 1245 925 2546 0 2201 0 1 0 0 1022 637 0 0 0 0 0 0 0 9 0 0 930 0 0 0 0 0 0 0 0 0 0 0 0 0 0 3 0 2 0 0
1587163462 30909 2409 1245 1166 2546 0 2201 0 1 0 0 1022 637 0 0 0 0 0 0 0 9 0 0 930 0 0 0 0 0 0 0 0 0 0 0 0 0 0 3 0 2 0 0
1587595280 30909 2409 1245 1166 2546 0 2201 23 1 0 0 1022 637 0 0 0 0 0 0 0 9 0 0 930 0 0 0 0 0 0 0 0 0 0 0 0 0 0 3 0 2 0 0
1587597545 30909 2409 1245 1166 2546 0 2201 37 1 0 0 1022 637 0 0 0 0 0 0 0 9 0 0 930 0 0 0 0 0 0 0 0 0 0 0 0 0 0 3 0 2 0 0
1588013621 30909 2409 1245 1166 2546 0 2201 37 1 0 0 1022 637 0 3 0 0 0 0 0 9 0 0 930 0 0 0 0 0 0 0 0 0 0 0 0 0 0 3 0 2 0 0
1588024484 30909 2409 1245 1166 2546 0 2201 37 1 0 0 1022 637 0 3 0 0 0 0 0 9 0 0 930 0 0 0 0 0 0 0 0 0 0 0 0 70 0 3 0 2 0 0
1588227810 30909 2409 1245 1166 2546 0 2201 49 1 0 0 1022 637 0 3 0 0 0 0 0 9 0 0 930 0 0 0 0 0 0 0 0 0 0 0 0 70 0 3 0 2 0 0
1588271709 30909 2409 1245 1166 2546 0 2201 84 1 0 0 1022 637 0 3 0 0 0 0 0 9 0 0 930 0 0 0 0 0 0 0 0 0 0 0 0 70 0 3 0 2 0 0
1588275259 30909 2409 1245 1166 2546 0 2201 150 1 0 0 1022 637 0 3 0 0 0 0 0 9 0 0 930 0 0 0 0 0 0 0 0 0 0 0 0 70 0 3 0 2 0 0
1588285979 30909 2409 1245 1227 2546 0 2201 150 1 0 0 1022 637 0 3 0 0 0 0 0 9 0 0 930 0 0 0 0 0 0 0 0 0 0 0 0 70 0 3 0 2 0 0
1588384276 30909 2409 1245 1239 2546 0 2201 150 1 0 0 1022 637 0 3 0 0 0 0 0 9 0 0 930 0 0 0 0 0 0 0 0 0 0 0 0 70 0 3 0 2 0 0
1589464035 30909 2409 1245 1240 2546 0 2201 150 1 0 0 1022 637 0 3 0 0 0 0 0 9 0 0 930 0 0 0 0 0 0 0 0 0 0 0 0 70 0 3 0 2 0 0
1590062943 30909 2409 1245 1240 2546 0 2201 150 1 0 0 1022 637 3 3 0 0 0 0 0 9 0 0 930 0 0 0 0 0 0 0 0 0 0 0 0 70 0 3 0 2 0 0
1590686787 30909 2409 1245 1240 2546 0 2201 166 1 0 0 1022 637 3 3 0 0 0 0 0 9 0 0 930 0 0 0 0 0 0 0 0 0 0 0 0 70 0 3 0 2 0 0
1591193458 30947 2409 1245 1240 2546 0 2201 166 1 0 0 1022 637 3 3 0 0 0 0 0 9 0 0 930 0 0 0 0 0 0 0 0 0 0 0 0 70 0 3 0 2 0 0
1593463644 30947 2409 1245 1282 2546 0 2201 166 1 0 0 1022 637 3 3 0 0 0 0 0 9 0 0 930 0 0 0 0 0 0 0 0 0 0 0 0 70 0 3 0 2 0 0
1593616012 30950 2409 1245 1282 2546 0 2201 166 1 0 0 1022 637 3 3 0 0 0 0 0 9 0 0 930 0 0 0 0 0 0 0 0 0 0 0 0 70 0 3 0 2 0 0
1594684173 30950 2409 1245 1282 2546 0 2201 166 1 0 0 1022 637 3 3 0 0 0 0 0 9 550 0 930 0 0 0 0 0 0 0 0 0 0 0 0 70 0 3 0 2 0 0
1594948543 30950 2409 1245 1286 2546 0 2201 166 1 0 0 1022 637 3 3 0 0 0 0 0 9 550 0 930 0 0 0 0 0 0 0 0 0 0 0 0 70 0 3 0 2 0 0
1595619420 30950 2409 1245 1286 2546 0 2201 166 1 0 0 1022 637 3 3 11 0 0 0 0 9 550 0 930 0 0 0 0 0 0 0 0 0 0 0 0 70 0 3 0 2 0 0
1596379537 30950 2409 1245 1361 2546 0 2201 166 1 0 0 1022 637 3 3 11 0 0 0 0 9 550 0 930 0 0 0 0 0 0 0 0 0 0 0 0 70 0 3 0 2 0 0
1596454050 30950 2409 1245 1374 2546 0 2201 166 1 0 0 1022 637 3 3 11 0 0 0 0 9 550 0 930 0 0 0 0 0 0 0 0 0 0 0 0 70 0 3 0 2 0 0
1596561929 30950 2409 1245 1374 2546 0 2201 166 1 0 0 1022 637 3 3 11 0 0 0 0 9 550 0 930 0 3 0 0 0 0 0 0 0 0 0 0 70 0 3 0 2 0 0
1596807782 30950 2409 1245 1374 2546 0 2201 166 1 0 0 1022 637 3 3 11 0 0 0 0 9 550 0 930 0 3 0 0 0 0 0 0 0 0 0 0 70 0 3 0 2 0 0
1597069038 30950 2409 1245 1374 2546 0 2201 166 1 0 0 1022 637 3 3 11 0 0 0 9 9 550 0 930 0 3 0 0 0 0 0 0 0 0 0 0 70 0 3 0 2 0 0
1597173903 30950 2491 1245 1374 2546 0 2201 166 1 0 0 1022 637 3 3 11 0 0 0 9 9 550 0 930 0 3 0 0 0 0 0 0 0 0 0 0 70 0 3 0 2 0 0
1597251722 30955 2491 1245 1374 2546 0 2201 166 1 0 0 1022 637 3 3 11 0 0 0 9 9 550 0 930 0 3 0 0 0 0 0 0 0 0 0 0 70 0 3 0 2 0 0
1597268390 30955 2491 1245 1374 2546 0 2201 168 1 0 0 1022 637 3 3 11 0 0 0 9 9 550 0 930 0 3 0 0 0 0 0 0 0 0 0 0 70 0 3 0 2 0 0
1597498260 30955 2491 1245 1374 2546 0 2201 168 1 0 0 1022 637 3 3 11 0 0 0 9 9 550 0 930 57 3 0 0 0 0 0 0 0 0 0 0 70 0 3 0 2 0 0
1598013500 30967 2491 1245 1374 2546 0 2201 168 1 0 0 1022 637 3 3 11 0 0 0 9 9 550 0 930 57 3 0 0 0 0 0 0 0 0 0 0 70 0 3 0 2 0 0
1598306881 30967 2491 1245 1374 2546 0 2201 168 1 0 0 1022 637 3 3 11 0 0 0 85 9 550 0 930 57 3 0 0 0 0 0 0 0 0 0 0 70 0 3 0 2 0 0
1599080976 30973 2491 1245 1374 2546 0 2201 168 1 0 0 1022 637 3 3 11 0 0 0 85 9 550 0 930 57 3 0 0 0 0 0 0 0 0 0 0 70 0 3 0 2 0 0
1599768196 31090 2491 1245 1374 2546 0 2201 168 1 0 0 1022 637 3 3 11 0 0 0 85 9 550 0 930 57 3 0 0 0 0 0 0 0 0 0 0 70 0 3 0 2 0 0
1600466085 31090 2491 1245 1374 2546 0 2201 168 1 0 0 1022 637 3 3 18 0 0 0 85 9 550 0 930 57 3 0 0 0 0 0 0 0 0 0 0 70 0 3 0 2 0 0
1601071459 31090 2491 1245 1374 2546 0 2201 168 1 0 0 1022 4338 3 3 18 0 0 0 85 9 550 0 930 57 3 0 0 0 0 0 0 0 0 0 0 70 0 3 0 2 0 0
1601315851 31094 2491 1245 1374 2546 0 2201 168 1 0 0 1022 4338 3 3 18 0 0 0 85 9 550 0 930 57 3 0 0 0 0 0 0 0 0 0 0 70 0 3 0 2 0 0
1601544276 31094 2491 1245 1374 2546 0 2201 168 1 0 0 1022 4338 3 3 18 0 0 0 85 9 550 0 930 57 3 0 0 0 0 0 0 0 61 0 0 70 0 3 0 2 0 0
1601658177 31094 2491 1245 1374 2546 0 2201 168 1 0 0 1022 4338 3 3 18 0 0 0 85 9 550 0 930 57 3 0 0 0 0 0 6 0 61 0 0 70 0 3 0 2 0 0
1601659949 31094 2491 1245 1374 2546 0 2201 178 1 0 0 1022 4338 3 3 18 0 0 0 85 9 550 0 930 57 3 0 0 0 0 0 6 0 61 0 0 70 0 3 0 2 0 0
1602020503 31094 2491 1245 1374 2546 0 2201 178 1 0 0 1022 4338 3 3 26 0 0 0 85 9 550 0 930 57 3 0 0 0 0 0 6 0 61 0 0 70 0 3 0 2 0 0
1602510216 32088 2491 1245 1374 2546 0 2201 178 1 0 0 1022 4338 3 3 26 0 0 0 85 9 550 0 930 57 3 0 0 0 0 0 6 0 61 0 0 70 0 3 0 2 0 0
1602515919 32096 2491 1245 1374 2546 0 2201 178 1 0 0 1022 4338 3 3 26 0 0 0 85 9 550 0 930 57 3 0 0 0 0 0 6 0 61 0 0 70 0 3 0 2 0 0
1602716724 32096 2491 1245 1374 2546 0 5431 178 1 0 0 1022 4338 3 3 26 0 0 0 85 9 550 0 930 57 3 0 0 0 0 0 6 0 61 0 0 70 0 3 0 2 0 0
1602795624 32096 2510 1245 1374 2546 0 5431 178 1 0 0 1022 4338 3 3 26 0 0 0 85 9 550 0 930 57 3 0 0 0 0 0 6 0 61 0 0 70 0 3 0 2 0 0
1602799148 32096 2510 1245 1374 2546 0 6509 178 1 0 0 1022 4338 3 3 26 0 0 0 85 9 550 0 930 57 3 0 0 0 0 0 6 0 61 0 0 70 0 3 0 2 0 0
1602801746 34278 2510 1245 1374 2546 0 6509 178 1 0 0 1022 4338 3 3 26 0 0 0 85 9 550 0 930 57 3 0 0 0 0 0 6 0 61 0 0 70 0 3 0 2 0 0
1602807131 34278 2510 1245 1374 2546 0 6509 178 1 0 0 1022 5620 3 3 26 0 0 0 85 9 550 0 930 57 3 0 0 0 0 0 6 0 61 0 0 70 0 3 0 2 0 0
1602810651 34278 2510 1245 1374 2546 0 6509 178 1 0 0 1022 7149 3 3 26 0 0 0 85 9 550 0 930 57 3 0 0 0 0 0 6 0 61 0 0 70 0 3 0 2 0 0
1602829600 34278 2510 1245 1709 2546 0 6509 178 1 0 0 1022 7149 3 3 26 0 0 0 85 9 550 0 930 57 3 0 0 0 0 0 6 0 61 0 0 70 0 3 0 2 0 0
1603292488 34278 2510 1245 1709 2546 0 6509 178 1 0 0 1022 9439 3 3 26 0 0 0 85 9 550 0 930 57 3 0 0 0 0 0 6 0 61 0 0 70 0 3 0 2 0 0
1603303515 34278 2510 1245 1709 2546 0 7043 178 1 0 0 1022 9439 3 3 26 0 0 0 85 9 550 0 930 57 3 0 0 0 0 0 6 0 61 0 0 70 0 3 0 2 0 0
1603306936 34278 2510 1245 1709 2546 0 8679 178 1 0 0 1022 9439 3 3 26 0 0 0 85 9 550 0 930 57 3 0 0 0 0 0 6 0 61 0 0 70 0 3 0 2 0 0
1604042965 34278 2510 1245 1709 2546 0 8679 714 1 0 0 1022 9439 3 3 26 0 0 0 85 9 550 0 930 57 3 0 0 0 0 0 6 0 61 0 0 70 0 3 0 2 0 0
1604912008 34278 2510 1245 1709 2546 0 8704 714 1 0 0 1022 9439 3 3 26 0 0 0 85 9 550 0 930 57 3 0 0 0 0 0 6 0 61 0 0 70 0 3 0 2 0 0
1605133579 34278 2510 1245 1709 2546 0 8704 714 1 0 0 1022 9439 3 3 26 0 0 0 85 9 550 0 930 57 3 0 0 0 0 0 6 0 61 0 0 70 0 3 32 2 0 0
1605194225 34278 2510 1245 1709 2546 0 8704 714 1 0 0 1022 9440 3 3 26 0 0 0 85 9 550 0 930 57 3 0 0 0 0 0 6 0 61 0 0 70 0 3 32 2 0 0
1606120455 34278 2510 1245 1709 2546 0 8704 727 1 0 0 1022 9440 3 3 26 0 0 0 85 9 550 0 930 57 3 0 0 0 0 0 6 0 61 0 0 70 0 3 32 2 0 0
1606157908 34278 2510 1245 1709 2546 0 8704 727 1 0 0 1022 9440 3 3 26 0 0 0 85 9 550 0 930 57 3 0 0 1 0 0 6 0 61 0 0 70 0 3 32 2 0 0
1606923713 34278 2510 1245 1709 2546 2 8704 727 1 0 0 1022 9440 3 3 26 0 0 0 85 9 550 0 930 57 3 0 0 1 0 0 6 0 61 0 0 70 0 3 32 2 0 0
1607630385 34279 2510 1245 1709 2546 2 8704 727 1 0 0 1022 9440 3 3 26 0 0 0 85 9 550 0 930 57 3 0 0 1 0 0 6 0 61 0 0 70 0 3 32 2 0 0
1608050354 34301 2510 1245 1709 2546 2 8704 727 1 0 0 1022 9440 3 3 26 0 0 0 85 9 550 0 930 57 3 0 0 1 0 0 6 0 61 0 0 70 0 3 32 2 0 0
1608550032 34301 4493 1245 1709 2546 2 8704 727 1 0 0 1022 9440 3 3 26 0 0 0 85 9 550 0 930 57 3 0 0 1 0 0 6 0 61 0 0 70 0 3 32 2 0 0
1608640563 34301 4910 1245 1709 2546 2 8704 727 1 0 0 1022 9440 3 3 26 0 0 0 85 9 550 0 930 57 3 0 0 1 0 0 6 0 61 0 0 70 0 3 32 2 0 0
1608642359 34301 5155 1245 1709 2546 2 8704 727 1 0 0 1022 9440 3 3 26 0 0 0 85 9 550 0 930 57 3 0 0 1 0 0 6 0 61 0 0 70 0 3 32 2 0 0
1609748780 34301 5241 1245 1709 2546 2 8704 727 1 0 0 1022 9440 3 3 26 0 0 0 85 9 550 0 930 57 3 0 0 1 0 0 6 0 61 0 0 70 0 3 32 2 0 0
1610113442 34301 5257 1245 1709 2546 2 8704 727 1 0 0 1022 9440 3 3 26 0 0 0 85 9 550 0 930 57 3 0 0 1 0 0 6 0 61 0 0 70 0 3 32 2 0 0
1610114205 34301 5278 1245 1709 2546 2 8704 727 1 0 0 1022 9440 3 3 26 0 0 0 85 9 550 0 930 57 3 0 0 1 0 0 6 0 61 0 0 70 0 3 32 2 0 0
1610353649 34301 5296 1245 1709 2546 2 8704 727 1 0 0 1022 9440 3 3 26 0 0 0 85 9 550 0 930 57 3 0 0 1 0 0 6 0 61 0 0 70 0 3 32 2 0 0
1610410719 34301 5296 1245 1709 2546 2 8704 727 1 0 0 1022 9440 3 3 26 0 0 0 85 9 550 0 930 57 3 0 0 1 0 0 6 0 61 0 0 70 0 3 32 2 0 0
1610555646 34301 6961 1245 1709 2546 2 8704 727 1 0 0 1022 9440 3 3 26 0 0 0 85 9 550 0 930 57 3 0 0 1 0 0 6 0 61 0 0 70 0 3 32 2 0 0
1610555718 34301 6961 1245 1709 2546 2 8704 727 1 0 0 1022 9440 3 3 26 0 0 0 85 9 550 0 930 57 3 0 0 1 0 0 6 0 61 0 0 70 0 3 32 2 0 0
1610555894 34301 6961 1245 1709 2546 2 8704 727 1 0 0 1022 9440 3 3 26 0 0 0 85 9 550 0 930 57 3 0 0 1 0 0 6 0 61 0 0 70 0 3 32 2 0 0
1610556037 34301 6961 1245 1709 2546 2 8704 727 1 0 0 1022 9440 3 3 26 0 0 0 85 9 550 0 930 57 3 0 0 1 0 0 6 0 61 0 0 70 0 3 32 2 0 0
1610559523 34301 6980 1245 1709 2546 2 8704 727 1 0 0 1022 9440 3 3 26 0 0 0 85 9 550 0 930 57 3 0 0 1 0 0 6 0 61 0 0 70 0 3 32 2 0 0
1610559608 34301 7028 1245 1709 2546 2 8704 727 1 0 0 1022 9440 3 3 26 0 0 0 85 9 550 0 930 57 3 0 0 1 0 0 6 0 61 0 0 70 0 3 32 2 0 0
1610559620 34301 7059 1245 1709 2546 2 8704 727 1 0 0 1022 9440 3 3 26 0 0 0 85 9 550 0 930 57 3 0 0 1 0 0 6 0 61 0 0 70 0 3 32 2 0 0
1610640716 34301 7106 1245 1709 2546 2 8704 727 1 0 0 1022 9440 3 3 26 0 0 0 85 9 550 0 930 57 3 0 0 1 0 0 6 0 61 0 0 70 0 3 32 2 0 0
1610647578 34305 7106 1245 1709 2546 2 8704 727 1 0 0 1022 9440 3 3 26 0 0 0 85 9 550 0 930 57 3 0 0 1 0 0 6 0 61 0 0 70 0 3 32 2 0 0
1610731382 34305 7169 1245 1709 2546 2 8704 727 1 0 0 1022 9440 3 3 26 0 0 0 85 9 550 0 930 57 3 0 0 1 0 0 6 0 61 0 0 70 0 3 32 2 0 0
1611343140 34312 7169 1245 1709 2546 2 8704 727 1 0 0 1022 9440 3 3 26 0 0 0 85 9 550 0 930 57 3 0 0 1 0 0 6 0 61 0 0 70 0 3 32 2 0 0
1611766745 34644 7169 1245 1709 2546 2 8704 727 1 0 0 1022 9440 3 3 26 0 0 0 85 9 550 0 930 57 3 0 0 1 0 0 6 0 61 0 0 70 0 3 32 2 0 0
1611766820 34644 7169 1245 1709 2546 2 8704 727 1 0 0 1022 9440 3 3 26 0 0 0 85 9 550 0 930 57 3 0 0 1 0 0 6 0 61 0 0 70 0 3 32 2 0 0
1611769943 38203 7169 1245 1709 2546 2 8704 727 1 0 0 1022 9440 3 3 26 0 0 0 85 9 550 0 930 57 3 0 0 1 0 0 6 0 61 0 0 70 0 3 32 2 0 0
1611831396 38203 7169 1245 1709 2546 2 8704 727 1 0 0 1022 9440 3 3 26 0 0 0 85 9 550 0 930 57 3 0 0 1 0 0 6 0 61 0 0 70 0 3 32 2 0 0
1611832214 38255 7169 1245 1709 2546 2 8704 727 1 0 0 1022 9440 3 3 26 0 0 0 85 9 550 0 930 57 3 0 0 1 0 0 6 0 61 0 0 70 0 3 32 2 0 0
1611845362 38509 7169 1245 1709 2546 2 8704 727 1 0 0 1022 9440 3 3 26 0 0 0 85 9 550 0 930 57 3 0 0 1 0 0 6 0 61 0 0 70 0 3 32 2 0 0
1611934605 38509 7169 1245 1709 2546 11 8704 727 1 0 0 1022 9440 3 3 26 0 0 0 85 9 550 0 930 57 3 0 0 1 0 0 6 0 61 0 0 70 0 3 32 2 0 0
1612198392 38549 7169 1245 1709 2546 11 8704 727 1 0 0 1022 9440 3 3 26 0 0 0 85 9 550 0 930 57 3 0 0 1 0 0 6 0 61 0 0 70 0 3 32 2 0 0
1612286015 38585 7169 1245 1709 2546 11 8704 727 1 0 0 1022 9440 3 3 26 0 0 0 85 9 550 0 930 57 3 0 0 1 0 0 6 0 61 0 0 70 0 3 32 2 0 0
1612348114 38585 7169 1245 1709 2546 11 8704 727 1 1 0 1022 9440 3 3 26 0 0 0 85 9 550 0 930 57 3 0 0 1 0 0 6 0 61 0 0 70 0 3 32 2 0 0
1612363424 38585 7169 1245 1709 2546 11 8704 727 1 1 0 1022 9440 3 3 26 0 0 0 85 9 550 0 930 57 3 0 0 1 0 0 6 0 61 0 0 70 0 3 32 2 0 0
1612369339 38597 7169 1245 1709 2546 11 8704 727 1 1 0 1022 9440 3 3 26 0 0 0 85 9 550 0 930 57 3 0 0 1 0 0 6 0 61 0 0 70 0 3 32 2 0 0
1612435288 38597 7169 1245 1709 2546 11 8704 727 1 1 0 1022 9440 3 3 26 0 0 0 85 9 550 0 930 57 3 0 0 1 0 0 6 0 61 0 0 70 0 3 32 2 0 0
1612435358 38597 7169 1245 1709 2546 11 8704 727 1 12036 0 1022 9440 3 3 26 0 0 0 85 9 550 0 930 57 3 0 0 1 0 0 6 0 61 0 0 70 0 3 32 2 0 0
1612435844 38597 7169 1245 1709 2546 11 8704 727 1 12036 0 1022 9440 3 3 26 0 0 0 85 9 550 0 930 57 3 0 0 1 0 0 6 0 61 0 0 70 0 3 32 2 0 0
1612498244 38597 7169 1245 1709 2546 11 8704 727 1 12645 0 1022 9440 3 3 26 0 0 0 85 9 550 0 930 57 3 0 0 1 0 0 6 0 61 0 0 70 0 3 32 2 0 0
1612766901 38597 7169 1245 1709 2546 1147 8704 727 1 12645 0 1022 9440 3 3 26 0 0 0 85 9 550 0 930 57 3 0 0 1 0 0 6 0 61 0 0 70 0 3 32 2 0 0
1612825397 38610 7169 1245 1709 2546 1147 8704 727 1 12645 0 1022 9440 3 3 26 0 0 0 85 9 550 0 930 57 3 0 0 1 0 0 6 0 61 0 0 70 0 3 32 2 0 0
1612862982 38610 7169 1245 1709 2546 1147 8704 727 1 12645 0 1022 9440 3 3 26 0 0 0 85 9 550 0 930 57 3 0 0 1 0 0 6 0 61 0 0 70 0 3 32 2 0 1
1612864988 38610 7169 1245 1709 2546 1154 8704 727 1 12645 0 1022 9440 3 3 26 0 0 0 85 9 550 0 930 57 3 0 0 1 0 0 6 0 61 0 0 70 0 3 32 2 0 1
1612960770 38610 7187 1245 1709 2546 1154 8704 727 1 12645 0 1022 9440 3 3 26 0 0 0 85 9 550 0 930 57 3 0 0 1 0 0 6 0 61 0 0 70 0 3 32 2 0 1
1612997634 38895 7187 1245 1709 2546 1154 8704 727 1 12645 0 1022 9440 3 3 26 0 0 0 85 9 550 0 930 57 3 0 0 1 0 0 6 0 61 0 0 70 0 3 32 2 0 1
1613579642 38895 7187 1245 1709 2546 1154 8704 727 1 12647 0 1022 9440 3 3 26 0 0 0 85 9 550 0 930 57 3 0 0 1 0 0 6 0 61 0 0 70 0 3 32 2 0 1
1613581700 38903 7187 1245 1709 2546 1154 8704 727 1 12647 0 1022 9440 3 3 26 0 0 0 85 9 550 0 930 57 3 0 0 1 0 0 6 0 61 0 0 70 0 3 32 2 0 1
1613728441 38903 7187 1245 1709 2546 1154 8704 727 1 12647 0 1022 9440 69 3 26 0 0 0 85 9 550 0 930 57 3 0 0 1 0 0 6 0 61 0 0 70 0 3 32 2 0 1
1614006464 38903 7193 1245 1709 2546 1154 8704 727 1 12647 0 1022 9440 69 3 26 0 0 0 85 9 550 0 930 57 3 0 0 1 0 0 6 0 61 0 0 70 0 3 32 2 0 1
1614011855 38903 7880 1245 1709 2546 1154 8704 727 1 12647 0 1022 9440 69 3 26 0 0 0 85 9 550 0 930 57 3 0 0 1 0 0 6 0 61 0 0 70 0 3 32 2 0 1
1614069903 38931 7880 1245 1709 2546 1154 8704 727 1 12647 0 1022 9440 69 3 26 0 0 0 85 9 550 0 930 57 3 0 0 1 0 0 6 0 61 0 0 70 0 3 32 2 0 1
1614095511 38931 7880 1245 1709 2546 1154 8704 727 1 12647 0 1022 9440 79 3 26 0 0 0 85 9 550 0 930 57 3 0 0 1 0 0 6 0 61 0 0 70 0 3 32 2 0 1
1614104753 38931 7880 1245 1709 2546 1154 8704 727 1 12647 0 1022 9440 79 3 26 0 0 0 85 9 550 0 930 57 3 0 0 1 0 0 6 0 61 0 0 70 0 3 32 2 0 1
1614105050 38931 7880 1245 1709 2546 1154 8704 727 1 13188 0 1022 9440 79 3 26 0 0 0 85 9 550 0 930 57 3 0 0 1 0 0 6 0 61 0 0 70 0 3 32 2 0 1
1614283599 38936 7880 1245 1709 2546 1154 8704 727 1 13188 0 1022 9440 79 3 26 0 0 0 85 9 550 0 930 57 3 0 0 1 0 0 6 0 61 0 0 70 0 3 32 2 0 1
1614771446 38936 7881 1245 1709 2546 1154 8704 727 1 13188 0 1022 9440 79 3 26 0 0 0 85 9 550 0 930 57 3 0 0 1 0 0 6 0 61 0 0 70 0 3 32 2 0 1
1614786123 38937 7881 1245 1709 2546 1154 8704 727 1 13188 0 1022 9440 79 3 26 0 0 0 85 9 550 0 930 57 3 0 0 1 0 0 6 0 61 0 0 70 0 3 32 2 0 1
1614848969 38937 7881 1245 1709 2546 1154 8704 727 1 13188 1231 1022 9440 79 3 26 0 0 0 85 9 550 0 930 57 3 0 0 1 0 0 6 0 61 0 0 70 0 3 32 2 0 1
1614958674 39698 7881 1245 1709 2546 1154 8704 727 1 13188 1231 1022 9440 79 3 26 0 0 0 85 9 550 0 930 57 3 0 0 1 0 0 6 0 61 0 0 70 0 3 32 2 0 1
1614966654 39698 7881 1245 1709 2546 1154 8704 727 1 13188 1231 1022 9440 79 3 26 0 0 0 85 9 550 0 930 57 3 0 0 1 0 0 6 0 61 0 0 70 0 3 32 2 0 1
1615299208 39698 7881 1245 1709 2546 1156 8704 727 1 13188 1231 1022 9440 79 3 26 0 0 0 85 9 550 0 930 57 3 0 0 1 0 0 6 0 61 0 0 70 0 3 32 2 0 1
1615303383 39710 7881 1245 1709 2546 1156 8704 727 1 13188 1231 1022 9440 79 3 26 0 0 0 85 9 550 0 930 57 3 0 0 1 0 0 6 0 61 0 0 70 0 3 32 2 0 1
1615360185 39710 7881 1245 1709 2546 1890 8704 727 1 13188 1231 1022 9440 79 3 26 0 0 0 85 9 550 0 930 57 3 0 0 1 0 0 6 0 61 0 0 70 0 3 32 2 0 1
1615477046 39710 7881 1245 1709 2546 1890 8704 727 1 13188 1231 1022 9440 79 3 26 0 0 0 85 9 550 0 930 57 3 0 0 1 0 0 6 0 61 0 0 70 0 3 32 2 0 1
1615477861 39713 7881 1245 1709 2546 1890 8704 727 1 13188 1231 1022 9440 79 3 26 0 0 0 85 9 550 0 930 57 3 0 0 1 0 0 6 0 61 0 0 70 0 3 32 2 0 1
1615478562 40192 7881 1245 1709 2546 1890 8704 727 1 13188 1231 1022 9440 79 3 26 0 0 0 85 9 550 0 930 57 3 0 0 1 0 0 6 0 61 0 0 70 0 3 32 2 0 1
1615478662 40193 7881 1245 1709 2546 1890 8704 727 1 13188 1231 1022 9440 79 3 26 0 0 0 85 9 550 0 930 57 3 0 0 1 0 0 6 0 61 0 0 70 0 3 32 2 0 1
1615480401 40210 7881 1245 1709 2546 1890 8704 727 1 13188 1231 1022 9440 79 3 26 0 0 0 85 9 550 0 930 57 3 0 0 1 0 0 6 0 61 0 0 70 0 3 32 2 0 1
1615481069 40210 7881 1245 1709 2546 1890 8704 727 1 13188 1231 1022 9440 79 3 26 0 0 0 85 9 550 0 930 57 3 0 0 1 0 0 6 0 61 0 0 70 0 3 32 2 0 1
1615482396 40210 7881 1245 1709 2546 1890 8704 727 1 13188 1231 1022 9440 79 3 26 0 0 0 85 9 550 0 930 57 3 0 0 1 0 0 6 0 61 0 0 70 0 3 32 2 0 1
1615561426 40210 7881 1245 2679 2546 1890 8704 727 1 13188 1231 1022 9440 79 3 26 0 0 0 85 9 550 0 930 57 3 0 0 1 0 0 6 0 61 0 0 70 0 3 32 2 0 1
1615637998 40211 7881 1245 2679 2546 1890 8704 727 1 13188 1231 1022 9440 79 3 26 0 0 0 85 9 550 0 930 57 3 0 0 1 0 0 6 0 61 0 0 70 0 3 32 2 0 1
1615901187 40211 7938 1245 2679 2546 1890 8704 727 1 13188 1231 1022 9440 79 3 26 0 0 0 85 9 550 0 930 57 3 0 0 1 0 0 6 0 61 0 0 70 0 3 32 2 0 1
1615963693 40211 8090 1245 2679 2546 1890 8704 727 1 13188 1231 1022 9440 79 3 26 0 0 0 85 9 550 0 930 57 3 0 0 1 0 0 6 0 61 0 0 70 0 3 32 2 0 1
1616409306 40211 8090 1245 2679 2546 2339 8704 727 1 13188 1231 1022 9440 79 3 26 0 0 0 85 9 550 0 930 57 3 0 0 1 0 0 6 0 61 0 0 70 0 3 32 2 0 1
1616424031 40211 8090 1245 2679 2546 2339 8704 727 1 13188 2314 1022 9440 79 3 26 0 0 0 85 9 550 0 930 57 3 0 0 1 0 0 6 0 61 0 0 70 0 3 32 2 0 1
1616429556 40211 8820 1245 2679 2546 2339 8704 727 1 13188 2314 1022 9440 79 3 26 0 0 0 85 9 550 0 930 57 3 0 0 1 0 0 6 0 61 0 0 70 0 3 32 2 0 1
1616509757 40211 8820 1245 2679 2546 2344 8704 727 1 13188 2314 1022 9440 79 3 26 0 0 0 85 9 550 0 930 57 3 0 0 1 0 0 6 0 61 0 0 70 0 3 32 2 0 1
1616601477 40211 8820 1245 2679 2546 2606 8704 727 1 13188 2314 1022 9440 79 3 26 0 0 0 85 9 550 0 930 57 3 0 0 1 0 0 6 0 61 0 0 70 0 3 32 2 0 1
1616661367 40211 8824 1245 2679 2546 2606 8704 727 1 13188 2314 1022 9440 79 3 26 0 0 0 85 9 550 0 930 57 3 0 0 1 0 0 6 0 61 0 0 70 0 3 32 2 0 1
1616666300 40211 10614 1245 2679 2546 2606 8704 727 1 13188 2314 1022 9440 79 3 26 0 0 0 85 9 550 0 930 57 3 0 0 1 0 0 6 0 61 0 0 70 0 3 32 2 0 1
1616678725 40211 10833 1245 2679 2546 2606 8704 727 1 13188 2314 1022 9440 79 3 26 0 0 0 85 9 550 0 930 57 3 0 0 1 0 0 6 0 61 0 0 70 0 3 32 2 0 1
1616690332 40211 12173 1245 2679 2546 2606 8704 727 1 13188 2314 1022 9440 79 3 26 0 0 0 85 9 550 0 930 57 3 0 0 1 0 0 6 0 61 0 0 70 0 3 32 2 0 1
1616706084 40588 12173 1245 2679 2546 2606 8704 727 1 13188 2314 1022 9440 79 3 26 0 0 0 85 9 550 0 930 57 3 0 0 1 0 0 6 0 61 0 0 70 0 3 32 2 0 1
1616742074 40588 12173 1245 2679 2546 2606 8896 727 1 13188 2314 1022 9440 79 3 26 0 0 0 85 9 550 0 930 57 3 0 0 1 0 0 6 0 61 0 0 70 0 3 32 2 0 1
1616744649 40588 12173 1245 2679 2546 2772 8896 727 1 13188 2314 1022 9440 79 3 26 0 0 0 85 9 550 0 930 57 3 0 0 1 0 0 6 0 61 0 0 70 0 3 32 2 0 1
1616850900 40588 12173 1245 3133 2546 2772 8896 727 1 13188 2314 1022 9440 79 3 26 0 0 0 85 9 550 0 930 57 3 0 0 1 0 0 6 0 61 0 0 70 0 3 32 2 0 1
1616868200 40588 12863 1245 3133 2546 2772 8896 727 1 13188 2314 1022 9440 79 3 26 0 0 0 85 9 550 0 930 57 3 0 0 1 0 0 6 0 61 0 0 70 0 3 32 2 0 1
1617176070 40588 12863 1245 3204 2546 2772 8896 727 1 13188 2314 1022 9440 79 3 26 0 0 0 85 9 550 0 930 57 3 0 0 1 0 0 6 0 61 0 0 70 0 3 32 2 0 1
1617213106 40588 12863 1245 3204 2546 2772 8896 727 1 13188 5170 1022 9440 79 3 26 0 0 0 85 9 550 0 930 57 3 0 0 1 0 0 6 0 61 0 0 70 0 3 32 2 0 1
1617265956 40588 13002 1245 3204 2546 2772 8896 727 1 13188 5170 1022 9440 79 3 26 0 0 0 85 9 550 0 930 57 3 0 0 1 0 0 6 0 61 0 0 70 0 3 32 2 0 1
1617269930 40588 13065 1245 3204 2546 2772 8896 727 1 13188 5170 1022 9440 79 3 26 0 0 0 85 9 550 0 930 57 3 0 0 1 0 0 6 0 61 0 0 70 0 3 32 2 0 1
1617291248 40588 13486 1245 3204 2546 2772 8896 727 1 13188 5170 1022 9440 79 3 26 0 0 0 85 9 550 0 930 57 3 0 0 1 0 0 6 0 61 0 0 70 0 3 32 2 0 1
1617293916 40588 13486 1245 3204 2546 2772 8995 727 1 13188 5170 1022 9440 79 3 26 0 0 0 85 9 550 0 930 57 3 0 0 1 0 0 6 0 61 0 0 70 0 3 32 2 0 1
1617296607 40588 13541 1245 3204 2546 2772 8995 727 1 13188 5170 1022 9440 79 3 26 0 0 0 85 9 550 0 930 57 3 0 0 1 0 0 6 0 61 0 0 70 0 3 32 2 0 1
1617297952 40588 13541 1245 3204 2546 2772 11010 727 1 13188 5170 1022 9440 79 3 26 0 0 0 85 9 550 0 930 57 3 0 0 1 0 0 6 0 61 0 0 70 0 3 32 2 0 1
1617318828 40590 13541 1245 3204 2546 2772 11010 727 1 13188 5170 1022 9440 79 3 26 0 0 0 85 9 550 0 930 57 3 0 0 1 0 0 6 0 61 0 0 70 0 3 32 2 0 1
1617388984 41073 13541 1245 3204 2546 2772 11010 727 1 13188 5170 1022 9440 79 3 26 0 0 0 85 9 550 0 930 57 3 0 0 1 0 0 6 0 61 0 0 70 0 3 32 2 0 1
1617700422 41073 13541 1245 3204 2546 2772 11010 727 1 13188 5170 1022 9440 89 3 26 0 0 0 85 9 550 0 930 57 3 0 0 1 0 0 6 0 61 0 0 70 0 3 32 2 0 1
1617983768 41090 13541 1245 3204 2546 2772 11010 727 1 13188 5170 1022 9440 89 3 26 0 0 0 85 9 550 0 930 57 3 0 0 1 0 0 6 0 61 0 0 70 0 3 32 2 0 1
1618248242 41099 13541 1245 3204 2546 2772 11010 727 1 13188 5170 1022 9440 89 3 26 0 0 0 85 9 550 0 930 57 3 0 0 1 0 0 6 0 61 0 0 70 0 3 32 2 0 1
1618365859 41099 13541 1245 3204 2546 2774 11010 727 1 13188 5170 1022 9440 89 3 26 0 0 0 85 9 550 0 930 57 3 0 0 1 0 0 6 0 61 0 0 70 0 3 32 2 0 1
1618407664 41099 13541 1245 3204 2546 2774 11010 727 1 13188 5234 1022 9440 89 3 26 0 0 0 85 9 550 0 930 57 3 0 0 1 0 0 6 0 61 0 0 70 0 3 32 2 0 1
1618429799 41099 13541 1245 3204 2546 2788 11010 727 1 13188 5234 1022 9440 89 3 26 0 0 0 85 9 550 0 930 57 3 0 0 1 0 0 6 0 61 0 0 70 0 3 32 2 0 1
1618432487 41099 13541 1245 4054 2546 2788 11010 727 1 13188 5234 1022 9440 89 3 26 0 0 0 85 9 550 0 930 57 3 0 0 1 0 0 6 0 61 0 0 70 0 3 32 2 0 1
1618438861 41103 13541 1245 4054 2546 2788 11010 727 1 13188 5234 1022 9440 89 3 26 0 0 0 85 9 550 0 930 57 3 0 0 1 0 0 6 0 61 0 0 70 0 3 32 2 0 1
1619013850 41103 13541 1245 4061 2546 2788 11010 727 1 13188 5234 1022 9440 89 3 26 0 0 0 85 9 550 0 930 57 3 0 0 1 0 0 6 0 61 0 0 70 0 3 32 2 0 1
1619021983 41137 13541 1245 4061 2546 2788 11010 727 1 13188 5234 1022 9440 89 3 26 0 0 0 85 9 550 0 930 57 3 0 0 1 0 0 6 0 61 0 0 70 0 3 32 2 0 1
1619134467 41137 13541 1245 4061 2546 2788 11010 727 1 13188 5234 1022 9440 89 3 26 0 0 1 85 9 550 0 930 57 3 0 0 1 0 0 6 0 61 0 0 70 0 3 32 2 0 1
1619361610 41166 13541 1245 4061 2546 2788 11010 727 1 13188 5234 1022 9440 89 3 26 0 0 1 85 9 550 0 930 57 3 0 0 1 0 0 6 0 61 0 0 70 0 3 32 2 0 1
1619561218 41172 13541 1245 4061 2546 2788 11010 727 1 13188 5234 1022 9440 89 3 26 0 0 1 85 9 550 0 930 57 3 0 0 1 0 0 6 0 61 0 0 70 0 3 32 2 0 1
1619798838 41172 13541 1245 4067 2546 2788 11010 727 1 13188 5234 1022 9440 89 3 26 0 0 1 85 9 550 0 930 57 3 0 0 1 0 0 6 0 61 0 0 70 0 3 32 2 0 1
1620219625 41172 13541 1245 4067 2546 2788 11010 727 1 13188 5234 1022 9440 89 3 26 0 0 1 85 9 550 0 930 57 3 0 0 1 0 0 6 0 61 0 0 70 0 3 32 2 0 1
1620234907 49289 13541 1245 4067 2546 2788 11010 727 1 13188 5234 1022 9440 89 3 26 0 0 1 85 9 550 0 930 57 3 0 0 1 0 0 6 0 61 0 0 70 0 3 32 2 0 1
1620304747 49289 13997 1245 4067 2546 2788 11010 727 1 13188 5234 1022 9440 89 3 26 0 0 1 85 9 550 0 930 57 3 0 0 1 0 0 6 0 61 0 0 70 0 3 32 2 0 1
1620402799 49289 14000 1245 4067 2546 2788 11010 727 1 13188 5234 1022 9440 89 3 26 0 0 1 85 9 550 0 930 57 3 0 0 1 0 0 6 0 61 0 0 70 0 3 32 2 0 1
1620419884 49315 14000 1245 4067 2546 2788 11010 727 1 13188 5234 1022 9440 89 3 26 0 0 1 85 9 550 0 930 57 3 0 0 1 0 0 6 0 61 0 0 70 0 3 32 2 0 1
1620625816 49318 14000 1245 4067 2546 2788 11010 727 1 13188 5234 1022 9440 89 3 26 0 0 1 85 9 550 0 930 57 3 0 0 1 0 0 6 0 61 0 0 70 0 3 32 2 0 1
1620664964 49318 14000 1245 4067 2546 2788 11010 1310 1 13188 5234 1022 9440 89 3 26 0 0 1 85 9 550 0 930 57 3 0 0 1 0 0 6 0 61 0 0 70 0 3 32 2 0 1
1620683478 49318 14000 1245 4067 2546 2788 11010 1713 1 13188 5234 1022 9440 89 3 26 0 0 1 85 9 550 0 930 57 3 0 0 1 0 0 6 0 61 0 0 70 0 3 32 2 0 1
1620741461 49322 14000 1245 4067 2546 2788 11010 1713 1 13188 5234 1022 9440 89 3 26 0 0 1 85 9 550 0 930 57 3 0 0 1 0 0 6 0 61 0 0 70 0 3 32 2 0 1
1620829548 49322 14004 1245 4067 2546 2788 11010 1713 1 13188 5234 1022 9440 89 3 26 0 0 1 85 9 550 0 930 57 3 0 0 1 0 0 6 0 61 0 0 70 0 3 32 2 0 1
1620924247 49322 14004 1245 4067 2546 2788 11010 1713 1 13188 5234 1022 9440 89 3 26 0 0 1 85 9 550 0 930 57 3 0 61 1 0 0 6 0 61 0 0 70 0 3 32 2 0 1
1621324800 49322 14004 1245 4067 2546 2788 11010 1713 1 13188 5234 1022 9440 89 3 26 0 0 1 85 9 550 76 930 57 3 0 61 1 0 0 6 0 61 0 0 70 0 3 32 2 0 1
1621358474 49322 14004 1245 4561 2546 2788 11010 1713 1 13188 5234 1022 9440 89 3 26 0 0 1 85 9 550 76 930 57 3 0 61 1 0 0 6 0 61 0 0 70 0 3 32 2 0 1
1621432972 49322 14032 1245 4561 2546 2788 11010 1713 1 13188 5234 1022 9440 89 3 26 0 0 1 85 9 550 76 930 57 3 0 61 1 0 0 6 0 61 0 0 70 0 3 32 2 0 1
1621935588 49322 14032 1245 4561 2546 2788 11010 1713 1 13188 5234 1022 9440 290 3 26 0 0 1 85 9 550 76 930 57 3 0 61 1 0 0 6 0 61 0 0 70 0 3 32 2 0 1
1621953512 49698 14032 1245 4561 2546 2788 11010 1713 1 13188 5234 1022 9440 290 3 26 0 0 1 85 9 550 76 930 57 3 0 61 1 0 0 6 0 61 0 0 70 0 3 32 2 0 1
1622013647 49698 14032 1245 4561 2546 2788 11010 1713 1 13188 5234 1022 9440 290 3 26 1 0 1 85 9 550 76 930 57 3 0 61 1 0 0 6 0 61 0 0 70 0 3 32 2 0 1
1622021724 49698 14032 1245 4561 2546 2788 11010 1713 1 13188 5234 1022 9440 290 3 26 4 0 1 85 9 550 76 930 57 3 0 61 1 0 0 6 0 61 0 0 70 0 3 32 2 0 1
1622037053 49710 14032 1245 4561 2546 2788 11010 1713 1 13188 5234 1022 9440 290 3 26 4 0 1 85 9 550 76 930 57 3 0 61 1 0 0 6 0 61 0 0 70 0 3 32 2 0 1
1622044802 49716 14032 1245 4561 2546 2788 11010 1713 1 13188 5234 1022 9440 290 3 26 4 0 1 85 9 550 76 930 57 3 0 61 1 0 0 6 0 61 0 0 70 0 3 32 2 0 1
1622056030 49726 14032 1245 4561 2546 2788 11010 1713 1 13188 5234 1022 9440 290 3 26 4 0 1 85 9 550 76 930 57 3 0 61 1 0 0 6 0 61 0 0 70 0 3 32 2 0 1
1622100533 49754 14032 1245 4561 2546 2788 11010 1713 1 13188 5234 1022 9440 290 3 26 4 0 1 85 9 550 76 930 57 3 0 61 1 0 0 6 0 61 0 0 70 0 3 32 2 0 1
1622122178 49754 14032 1245 4561 2546 2788 11010 1713 1 13188 5234 1022 9440 290 3 26 4 0 1 85 9 550 76 930 57 3 0 61 1 0 0 6 0 61 2 0 70 0 3 32 2 0 1
1622442696 49756 14032 1245 4561 2546 2788 11010 1713 1 13188 5234 1022 9440 290 3 26 4 0 1 85 9 550 76 930 57 3 0 61 1 0 0 6 0 61 2 0 70 0 3 32 2 0 1
1622629324 49756 14045 1245 4561 2546 2788 11010 1713 1 13188 5234 1022 9440 290 3 26 4 0 1 85 9 550 76 930 57 3 0 61 1 0 0 6 0 61 2 0 70 0 3 32 2 0 1
1622635704 49756 14045 1245 4561 2546 2788 11010 1713 1 13188 5234 1022 9440 290 3 26 5 0 1 85 9 550 76 930 57 3 0 61 1 0 0 6 0 61 2 0 70 0 3 32 2 0 1
1622637158 49756 14045 1245 4561 2546 2788 11010 1713 1 13188 5234 1022 9440 290 3 26 6 0 1 85 9 550 76 930 57 3 0 61 1 0 0 6 0 61 2 0 70 0 3 32 2 0 1
1622668470 49756 28535 1245 4561 2546 2788 11010 1713 1 13188 5234 1022 9440 290 3 26 6 0 1 85 9 550 76 930 57 3 0 61 1 0 0 6 0 61 2 0 70 0 3 32 2 0 1
1622789288 49756 28535 1245 4561 2546 3365 11010 1713 1 13188 5234 1022 9440 290 3 26 6 0 1 85 9 550 76 930 57 3 0 61 1 0 0 6 0 61 2 0 70 0 3 32 2 0 1
1622791761 49756 28535 1245 4561 2546 3422 11010 1713 1 13188 5234 1022 9440 290 3 26 6 0 1 85 9 550 76 930 57 3 0 61 1 0 0 6 0 61 2 0 70 0 3 32 2 0 1
1622823563 49756 28535 1245 4561 2546 3422 11010 1713 1 13189 5234 1022 9440 290 3 26 6 0 1 85 9 550 76 930 57 3 0 61 1 0 0 6 0 61 2 0 70 0 3 32 2 0 1
1623183050 49757 28535 1245 4561 2546 3422 11010 1713 1 13189 5234 1022 9440 290 3 26 6 0 1 85 9 550 76 930 57 3 0 61 1 0 0 6 0 61 2 0 70 0 3 32 2 0 1
1623277564 49775 28535 1245 4561 2546 3422 11010 1713 1 13189 5234 1022 9440 290 3 26 6 0 1 85 9 550 76 930 57 3 0 61 1 0 0 6 0 61 2 0 70 0 3 32 2 0 1
1623594231 49829 28535 1245 4561 2546 3422 11010 1713 1 13189 5234 1022 9440 290 3 26 6 0 1 85 9 550 76 930 57 3 0 61 1 0 0 6 0 61 2 0 70 0 3 32 2 0 1
1623595711 49829 28535 1245 4561 2546 3422 11010 1713 1 13189 5234 1022 9440 290 3 26 6 0 1 85 9 550 76 930 57 3 0 61 1 0 2 6 0 61 2 0 70 0 3 32 2 0 1
1624014793 49829 28535 1245 4561 2546 3422 11010 1721 1 13189 5234 1022 9440 290 3 26 6 0 1 85 9 550 76 930 57 3 0 61 1 0 2 6 0 61 2 0 70 0 3 32 2 0 1
1624017890 50499 28535 1245 4561 2546 3422 11010 1721 1 13189 5234 1022 9440 290 3 26 6 0 1 85 9 550 76 930 57 3 0 61 1 0 2 6 0 61 2 0 70 0 3 32 2 0 1
1624032249 50499 29240 1245 4561 2546 3422 11010 1721 1 13189 5234 1022 9440 290 3 26 6 0 1 85 9 550 76 930 57 3 0 61 1 0 2 6 0 61 2 0 70 0 3 32 2 0 1
1624128386 50499 29240 1245 4563 2546 3422 11010 1721 1 13189 5234 1022 9440 290 3 26 6 0 1 85 9 550 76 930 57 3 0 61 1 0 2 6 0 61 2 0 70 0 3 32 2 0 1
1624288893 50728 29240 1245 4563 2546 3422 11010 1721 1 13189 5234 1022 9440 290 3 26 6 0 1 85 9 550 76 930 57 3 0 61 1 0 2 6 0 61 2 0 70 0 3 32 2 0 1
1624433469 50728 29245 1245 4563 2546 3422 11010 1721 1 13189 5234 1022 9440 290 3 26 6 0 1 85 9 550 76 930 57 3 0 61 1 0 2 6 0 61 2 0 70 0 3 32 2 0 1
1624435751 50728 29245 1245 4563 2546 3422 11010 1721 1 13189 5234 1022 9440 290 3 26 6 0 1 85 9 550 76 930 57 3 0 61 1 0 2 6 0 61 2 51 70 0 3 32 2 0 1
1624438184 50728 29254 1245 4563 2546 3422 11010 1721 1 13189 5234 1022 9440 290 3 26 6 0 1 85 9 550 76 930 57 3 0 61 1 0 2 6 0 61 2 51 70 0 3 32 2 0 1
1624610888 50728 32411 1245 4563 2546 3422 11010 1721 1 13189 5234 1022 9440 290 3 26 6 0 1 85 9 550 76 930 57 3 0 61 1 0 2 6 0 61 2 51 70 0 3 32 2 0 1
1624897788 51110 32411 1245 4563 2546 3422 11010 1721 1 13189 5234 1022 9440 290 3 26 6 0 1 85 9 550 76 930 57 3 0 61 1 0 2 6 0 61 2 51 70 0 3 32 2 0 1
1625053837 51110 32430 1245 4563 2546 3422 11010 1721 1 13189 5234 1022 9440 290 3 26 6 0 1 85 9 550 76 930 57 3 0 61 1 0 2 6 0 61 2 51 70 0 3 32 2 0 1
1625065892 51110 32430 1245 4563 2546 3425 11010 1721 1 13189 5234 1022 9440 290 3 26 6 0 1 85 9 550 76 930 57 3 0 61 1 0 2 6 0 61 2 51 70 0 3 32 2 0 1
1625153513 51332 32430 1245 4563 2546 3425 11010 1721 1 13189 5234 1022 9440 290 3 26 6 0 1 85 9 550 76 930 57 3 0 61 1 0 2 6 0 61 2 51 70 0 3 32 2 0 1
1625159213 51333 32430 1245 4563 2546 3425 11010 1721 1 13189 5234 1022 9440 290 3 26 6 0 1 85 9 550 76 930 57 3 0 61 1 0 2 6 0 61 2 51 70 0 3 32 2 0 1
1625682706 51333 32430 1245 4563 2546 3425 11010 1721 1 13189 5234 1022 9440 290 3 26 6 0 1 85 9 550 76 930 57 3 0 61 1 0 2 6 0 61 2 51 70 12 3 32 2 0 1
1625686007 51345 32430 1245 4563 2546 3425 11010 1721 1 13189 5234 1022 9440 290 3 26 6 0 1 85 9 550 76 930 57 3 0 61 1 0 2 6 0 61 2 51 70 12 3 32 2 0 1
1625780138 51346 32430 1245 4563 2546 3425 11010 1721 1 13189 5234 1022 9440 290 3 26 6 0 1 85 9 550 76 930 57 3 0 61 1 0 2 6 0 61 2 51 70 12 3 32 2 0 1
1626180049 51346 32430 1245 4563 2546 3425 11010 1721 1 13189 5234 1022 9440 290 3 26 6 12 1 85 9 550 76 930 57 3 0 61 1 0 2 6 0 61 2 51 70 12 3 32 2 0 1
1626334962 51346 32430 1245 4563 2546 3425 11010 1721 1 13189 5234 1022 9440 290 3 26 6 12 2 85 9 550 76 930 57 3 0 61 1 0 2 6 0 61 2 51 70 12 3 32 2 0 1
1626356410 51385 32430 1245 4563 2546 3425 11010 1721 1 13189 5234 1022 9440 290 3 26 6 12 2 85 9 550 76 930 57 3 0 61 1 0 2 6 0 61 2 51 70 12 3 32 2 0 1
1626790594 51665 32430 1245 4563 2546 3425 11010 1721 1 13189 5234 1022 9440 290 3 26 6 12 2 85 9 550 76 930 57 3 0 61 1 0 2 6 0 61 2 51 70 12 3 32 2 0 1
1626797665 51665 32430 1245 4601 2546 3425 11010 1721 1 13189 5234 1022 9440 290 3 26 6 12 2 85 9 550 76 930 57 3 0 61 1 0 2 6 0 61 2 51 70 12 3 32 2 0 1
1626894199 51674 32430 1245 4601 2546 3425 11010 1721 1 13189 5234 1022 9440 290 3 26 6 12 2 85 9 550 76 930 57 3 0 61 1 0 2 6 0 61 2 51 70 12 3 32 2 0 1
1626897155 51679 32430 1245 4601 2546 3425 11010 1721 1 13189 5234 1022 9440 290 3 26 6 12 2 85 9 550 76 930 57 3 0 61 1 0 2 6 0 61 2 51 70 12 3 32 2 0 1
1626938485 51679 32430 1245 4601 2546 3425 11010 1721 1 13189 5234 1022 9440 290 3 26 6 12 2 85 9 550 76 930 57 3 0 61 1 0 2 6 4 61 2 51 70 12 3 32 2 0 1
1626946281 51679 32430 1245 4601 2546 3425 11010 1721 1 13189 5234 1022 9440 290 3 26 6 12 2 85 9 550 76 930 57 3 1 61 1 0 2 6 4 61 2 51 70 12 3 32 2 0 1
1627292270 51679 32484 1245 4601 2546 3425 11010 1721 1 13189 5234 1022 9440 290 3 26 6 12 2 85 9 550 76 930 57 3 1 61 1 0 2 6 4 61 2 51 70 12 3 32 2 0 1
1627294107 51679 32926 1245 4601 2546 3425 11010 1721 1 13189 5234 1022 9440 290 3 26 6 12 2 85 9 550 76 930 57 3 1 61 1 0 2 6 4 61 2 51 70 12 3 32 2 0 1
1627564153 51679 32926 1245 4601 2546 3425 11010 1755 1 13189 5234 1022 9440 290 3 26 6 12 2 85 9 550 76 930 57 3 1 61 1 0 2 6 4 61 2 51 70 12 3 32 2 0 1
1627634826 51679 37064 1245 4601 2546 3425 11010 1755 1 13189 5234 1022 9440 290 3 26 6 12 2 85 9 550 76 930 57 3 1 61 1 0 2 6 4 61 2 51 70 12 3 32 2 0 1
1627915080 53050 37064 1245 4601 2546 3425 11010 1755 1 13189 5234 1022 9440 290 3 26 6 12 2 85 9 550 76 930 57 3 1 61 1 0 2 6 4 61 2 51 70 12 3 32 2 0 1
1627980537 53050 37064 1245 4601 2546 3425 11010 1755 1 13189 5234 1022 9440 290 3 26 6 12 2 85 9 550 76 930 57 3 1 61 1 2 2 6 4 61 2 51 70 12 3 32 2 0 1
1628002461 53050 37064 1245 4601 2546 3425 11010 1755 1 13189 5234 1022 9440 290 3 28 6 12 2 85 9 550 76 930 57 3 1 61 1 2 2 6 4 61 2 51 70 12 3 32 2 0 1
1628106458 53196 37064 1245 4601 2546 3425 11010 1755 1 13189 5234 1022 9440 290 3 28 6 12 2 85 9 550 76 930 57 3 1 61 1 2 2 6 4 61 2 51 70 12 3 32 2 0 1
1628188559 53198 37064 1245 4601 2546 3425 11010 1755 1 13189 5234 1022 9440 290 3 28 6 12 2 85 9 550 76 930 57 3 1 61 1 2 2 6 4 61 2 51 70 12 3 32 2 0 1
1628262021 53198 37064 1245 4601 2546 3425 11010 1755 1 13189 13455 1022 9440 290 3 28 6 12 2 85 9 550 76 930 57 3 1 61 1 2 2 6 4 61 2 51 70 12 3 32 2 0 1
1628682930 53198 37064 1245 4601 2546 3425 11010 1755 1 13189 13455 1022 9440 290 3 28 6 12 778 85 9 550 76 930 57 3 1 61 1 2 2 6 4 61 2 51 70 12 3 32 2 0 1
1628685169 53198 37064 1245 4601 2546 3549 11010 1755 1 13189 13455 1022 9440 290 3 28 6 12 778 85 9 550 76 930 57 3 1 61 1 2 2 6 4 61 2 51 70 12 3 32 2 0 1
1628691291 53198 37064 1245 4601 2546 3581 11010 1755 1 13189 13455 1022 9440 290 3 28 6 12 778 85 9 550 76 930 57 3 1 61 1 2 2 6 4 61 2 51 70 12 3 32 2 0 1
1628772846 53198 37064 1245 4601 2546 3581 11010 1755 1 13189 13698 1022 9440 290 3 28 6 12 778 85 9 550 76 930 57 3 1 61 1 2 2 6 4 61 2 51 70 12 3 32 2 0 1
1628775875 53198 37064 1245 4601 2546 3581 11010 1755 1 13189 13698 1022 9440 290 3 28 6 12 778 85 9 550 76 930 57 3 1 61 1 2 2 6 4 61 2 51 70 12 3 32 2 0 1
1628782258 53198 37064 1245 4601 2546 3581 11010 1755 1 13189 13698 1022 9440 290 3 28 6 12 778 85 9 550 76 930 57 3 1 61 1 2 2 6 4 61 2 51 70 12 3 32 2 7 1
1628839862 53198 37064 1245 4649 2546 3581 11010 1755 1 13189 13698 1022 9440 290 3 28 6 12 778 85 9 550 76 930 57 3 1 61 1 2 2 6 4 61 2 51 70 12 3 32 2 7 1
1628847635 53198 37064 1245 4649 2546 3581 11010 1755 1 13189 13842 1022 9440 290 3 28 6 12 778 85 9 550 76 930 57 3 1 61 1 2 2 6 4 61 2 51 70 12 3 32 2 7 1
1628858738 53198 37064 1245 4678 2546 3581 11010 1755 1 13189 13842 1022 9440 290 3 28 6 12 778 85 9 550 76 930 57 3 1 61 1 2 2 6 4 61 2 51 70 12 3 32 2 7 1
1628864781 53198 37064 1245 4678 2546 3581 11010 1755 1 13189 13854 1022 9440 290 3 28 6 12 778 85 9 550 76 930 57 3 1 61 1 2 2 6 4 61 2 51 70 12 3 32 2 7 1
1628887760 53198 37064 1245 4719 2546 3581 11010 1755 1 13189 13854 1022 9440 290 3 28 6 12 778 85 9 550 76 930 57 3 1 61 1 2 2 6 4 61 2 51 70 12 3 32 2 7 1
1629120456 53198 37090 1245 4719 2546 3581 11010 1755 1 13189 13854 1022 9440 290 3 28 6 12 778 85 9 550 76 930 57 3 1 61 1 2 2 6 4 61 2 51 70 12 3 32 2 7 1
1629122357 53198 37090 1245 4719 2546 3581 11010 1791 1 13189 13854 1022 9440 290 3 28 6 12 778 85 9 550 76 930 57 3 1 61 1 2 2 6 4 61 2 51 70 12 3 32 2 7 1
1629207903 53198 37090 1245 4719 2546 3581 11849 1791 1 13189 13854 1022 9440 290 3 28 6 12 778 85 9 550 76 930 57 3 1 61 1 2 2 6 4 61 2 51 70 12 3 32 2 7 1
1629212931 53198 37090 1245 4719 2546 3629 11849 1791 1 13189 13854 1022 9440 290 3 28 6 12 778 85 9 550 76 930 57 3 1 61 1 2 2 6 4 61 2 51 70 12 3 32 2 7 1
1629218251 53198 37090 1245 4719 2546 3906 11849 1791 1 13189 13854 1022 9440 290 3 28 6 12 778 85 9 550 76 930 57 3 1 61 1 2 2 6 4 61 2 51 70 12 3 32 2 7 1
1629269217 53198 37090 1245 4721 2546 3906 11849 1791 1 13189 13854 1022 9440 290 3 28 6 12 778 85 9 550 76 930 57 3 1 61 1 2 2 6 4 61 2 51 70 12 3 32 2 7 1
1629297027 53198 40613 1245 4721 2546 3906 11849 1791 1 13189 13854 1022 9440 290 3 28 6 12 778 85 9 550 76 930 57 3 1 61 1 2 2 6 4 61 2 51 70 12 3 32 2 7 1
1629301360 53198 40836 1245 4721 2546 3906 11849 1791 1 13189 13854 1022 9440 290 3 28 6 12 778 85 9 550 76 930 57 3 1 61 1 2 2 6 4 61 2 51 70 12 3 32 2 7 1
1629305005 53198 40836 1245 4721 2546 3906 11849 1791 1 13189 13854 1022 9440 290 3 28 6 12 778 85 9 550 76 930 57 3 1 61 1 2 2 6 4 61 2 51 70 12 3 32 2 7 1
1629308034 53200 40836 1245 4721 2546 3906 11849 1791 1 13189 13854 1022 9440 290 3 28 6 12 778 85 9 550 76 930 57 3 1 61 1 2 2 6 4 61 2 51 70 12 3 32 2 7 1
1629726630 53200 40876 1245 4721 2546 3906 11849 1791 1 13189 13854 1022 9440 290 3 28 6 12 778 85 9 550 76 930 57 3 1 61 1 2 2 6 4 61 2 51 70 12 3 32 2 7 1
1629740656 53208 40876 1245 4721 2546 3906 11849 1791 1 13189 13854 1022 9440 290 3 28 6 12 778 85 9 550 76 930 57 3 1 61 1 2 2 6 4 61 2 51 70 12 3 32 2 7 1
1630048183 53208 40996 1245 4721 2546 3906 11849 1791 1 13189 13854 1022 9440 290 3 28 6 12 778 85 9 550 76 930 57 3 1 61 1 2 2 6 4 61 2 51 70 12 3 32 2 7 1
1630407889 53208 40996 1245 4721 2546 4009 11849 1791 1 13189 13854 1022 9440 290 3 28 6 12 778 85 9 550 76 930 57 3 1 61 1 2 2 6 4 61 2 51 70 12 3 32 2 7 1
1630466457 53208 40996 1245 4721 2546 4026 11849 1791 1 13189 13854 1022 9440 290 3 28 6 12 778 85 9 550 76 930 57 3 1 61 1 2 2 6 4 61 2 51 70 12 3 32 2 7 1
1630574241 53208 41004 1245 4721 2546 4026 11849 1791 1 13189 13854 1022 9440 290 3 28 6 12 778 85 9 550 76 930 57 3 1 61 1 2 2 6 4 61 2 51 70 12 3 32 2 7 1
1630577062 53208 41010 1245 4721 2546 4026 11849 1791 1 13189 13854 1022 9440 290 3 28 6 12 778 85 9 550 76 930 57 3 1 61 1 2 2 6 4 61 2 51 70 12 3 32 2 7 1
1630596336 53261 41010 1245 4721 2546 4026 11849 1791 1 13189 13854 1022 9440 290 3 28 6 12 778 85 9 550 76 930 57 3 1 61 1 2 2 6 4 61 2 51 70 12 3 32 2 7 1
1630911836 53261 41010 1245 4721 2546 4026 11849 1791 1 13189 13854 1022 9440 290 3 28 6 12 778 85 9 550 206 930 57 3 1 61 1 2 2 6 4 61 2 51 70 12 3 32 2 7 1
1630928382 53261 41015 1245 4721 2546 4026 11849 1791 1 13189 13854 1022 9440 290 3 28 6 12 778 85 9 550 206 930 57 3 1 61 1 2 2 6 4 61 2 51 70 12 3 32 2 7 1
1631114200 53261 41027 1245 4721 2546 4026 11849 1791 1 13189 13854 1022 9440 290 3 28 6 12 778 85 9 550 206 930 57 3 1 61 1 2 2 6 4 61 2 51 70 12 3 32 2 7 1
