1548699973 591 0 0 0 0 0 0 0 0 0 0 0 0 0 0 0 0 0 0 0 0 0 0 0 0 0 0 0 0 0 0 0 0 0 0 0 0 0
1549301125 593 0 0 0 0 0 0 0 0 0 0 0 0 0 0 0 0 0 0 0 0 0 0 0 0 0 0 0 0 0 0 0 0 0 0 0 0 0
1549306114 595 0 0 0 0 0 0 0 0 0 0 0 0 0 0 0 0 0 0 0 0 0 0 0 0 0 0 0 0 0 0 0 0 0 0 0 0 0
1549319505 595 0 0 0 0 0 0 0 0 0 0 0 0 0 0 0 0 0 0 0 0 0 0 0 0 0 0 0 0 0 0 0 0 0 0 0 0 0
1549379143 595 0 0 0 0 0 0 0 0 0 0 0 0 0 0 0 0 0 0 0 0 0 0 0 0 0 0 0 0 0 0 0 0 0 0 0 0 0
1553884042 598 0 0 0 0 0 0 0 0 0 0 0 0 0 0 0 0 0 0 0 0 0 0 0 0 0 0 0 0 0 0 0 0 0 0 0 0 0
1553986707 598 0 0 0 0 0 0 0 0 0 0 0 0 0 0 0 0 0 0 0 0 0 0 0 0 0 0 0 0 0 0 0 0 0 0 0 0 0
1556163119 598 0 0 0 0 0 0 0 7 0 0 0 0 0 0 0 0 0 0 0 0 0 0 0 0 0 0 0 0 0 0 0 0 0 0 0 0 0
1556209576 598 694 0 0 0 0 0 0 7 0 0 0 0 0 0 0 0 0 0 0 0 0 0 0 0 0 0 0 0 0 0 0 0 0 0 0 0 0
1556232686 598 694 0 0 0 0 0 0 7 0 0 0 0 0 0 0 0 0 0 0 0 0 0 0 0 0 0 0 0 0 0 0 0 0 0 0 0 0
1556232919 598 694 0 0 0 0 0 0 7 0 0 0 0 0 0 0 0 0 0 0 0 0 0 0 0 0 0 0 0 0 0 0 0 0 0 0 0 0
1556503154 598 694 0 0 0 0 0 0 7 0 0 74 0 0 0 0 0 0 0 0 0 0 0 0 0 0 0 0 0 0 0 0 0 0 0 0 0 0
1556551780 598 892 0 0 0 0 0 0 7 0 0 74 0 0 0 0 0 0 0 0 0 0 0 0 0 0 0 0 0 0 0 0 0 0 0 0 0 0
1556555832 598 892 0 0 0 0 0 0 7 0 0 74 0 0 0 0 0 0 0 0 0 0 0 0 0 0 0 0 0 0 0 0 0 0 0 0 0 0
1556556099 598 892 0 0 0 0 0 0 7 0 0 74 0 0 0 0 0 0 0 0 0 0 0 0 0 0 0 0 0 0 0 0 0 0 0 0 0 0
1556557129 598 897 0 0 0 0 0 0 7 0 0 74 0 0 0 0 0 0 0 0 0 0 0 0 0 0 0 0 0 0 0 0 0 0 0 0 0 0
1556571193 662 897 0 0 0 0 0 0 7 0 0 74 0 0 0 0 0 0 0 0 0 0 0 0 0 0 0 0 0 0 0 0 0 0 0 0 0 0
1556573340 662 897 0 0 0 0 0 0 7 0 0 74 0 0 0 0 0 0 0 0 0 0 0 0 0 0 0 0 0 0 0 0 0 0 0 0 0 0
1556575998 662 897 0 0 0 0 0 0 7 0 0 74 0 0 0 0 0 0 0 0 0 0 0 0 0 0 0 0 0 0 0 0 0 0 0 0 0 0
1556576043 662 897 0 0 0 0 0 0 7 0 0 74 0 0 0 0 0 0 0 0 0 0 0 0 0 0 0 0 0 0 0 0 0 0 0 0 0 0
1556630774 662 897 0 0 0 0 0 0 7 0 0 74 0 0 0 0 0 0 0 0 0 0 0 0 0 0 0 0 0 0 0 0 0 0 0 0 0 0
1556649453 662 1000 0 0 0 0 0 0 7 0 0 74 0 0 0 0 0 0 0 0 0 0 0 0 0 0 0 0 0 0 0 0 0 0 0 0 0 0
1556650395 662 1013 0 0 0 0 0 0 7 0 0 74 0 0 0 0 0 0 0 0 0 0 0 0 0 0 0 0 0 0 0 0 0 0 0 0 0 0
1556653149 670 1013 0 0 0 0 0 0 7 0 0 74 0 0 0 0 0 0 0 0 0 0 0 0 0 0 0 0 0 0 0 0 0 0 0 0 0 0
1556657881 670 1013 0 0 0 0 0 0 7 0 0 74 0 0 0 0 0 0 0 0 0 0 0 0 0 0 0 0 0 0 0 0 0 0 0 0 0 0
1556657894 670 1013 0 0 0 0 0 0 7 0 0 74 0 0 0 0 0 0 0 0 0 0 0 0 0 0 0 0 0 0 0 0 0 0 0 0 0 0
1556657911 670 1013 0 0 0 0 0 0 7 0 0 74 0 0 0 0 0 0 0 0 0 0 0 0 0 0 0 0 0 0 0 0 0 0 0 0 0 0
1556662871 670 1013 0 0 0 0 0 0 7 0 0 74 0 0 0 0 0 0 0 0 0 0 0 0 0 0 0 0 0 0 0 0 0 0 0 0 0 0
1556708417 670 1013 0 0 0 0 0 0 7 0 0 74 0 0 0 0 0 0 0 0 0 0 0 0 0 0 0 0 0 0 0 0 0 0 0 0 0 0
1556710619 670 1074 0 0 0 0 0 0 7 0 0 74 0 0 0 0 0 0 0 0 0 0 0 0 0 0 0 0 0 0 0 0 0 0 0 0 0 0
1556710624 670 1074 0 0 0 0 0 0 7 0 0 74 0 0 0 0 0 0 0 0 0 0 0 0 0 0 0 0 0 0 0 0 0 0 0 0 0 0
1556712270 670 1742 0 0 0 0 0 0 7 0 0 74 0 0 0 0 0 0 0 0 0 0 0 0 0 0 0 0 0 0 0 0 0 0 0 0 0 0
1556714654 670 1742 0 0 0 0 0 0 7 0 0 74 0 0 0 0 0 0 0 0 0 0 0 0 0 0 0 0 0 0 0 0 0 0 0 0 0 0
1556717255 670 1755 0 0 0 0 0 0 7 0 0 74 0 0 0 0 0 0 0 0 0 0 0 0 0 0 0 0 0 0 0 0 0 0 0 0 0 0
1556728912 670 1771 0 0 0 0 0 0 7 0 0 74 0 0 0 0 0 0 0 0 0 0 0 0 0 0 0 0 0 0 0 0 0 0 0 0 0 0
1556739093 670 1777 0 0 0 0 0 0 7 0 0 74 0 0 0 0 0 0 0 0 0 0 0 0 0 0 0 0 0 0 0 0 0 0 0 0 0 0
1556749011 670 1777 0 0 0 0 0 0 34 0 0 74 0 0 0 0 0 0 0 0 0 0 0 0 0 0 0 0 0 0 0 0 0 0 0 0 0 0
1556797289 670 1777 0 0 0 0 0 0 34 0 0 74 0 0 0 0 0 0 0 0 0 0 0 0 0 0 0 0 0 0 0 0 0 0 0 0 0 0
1556800508 670 1777 0 0 0 0 0 0 34 0 0 74 0 0 0 0 0 0 0 0 0 0 0 0 0 0 0 0 0 0 0 0 0 0 0 0 0 0
1556800823 670 1777 0 0 0 0 0 0 34 0 0 74 0 0 0 0 0 0 0 0 0 0 0 0 0 0 0 0 0 0 0 0 0 0 0 0 0 0
1556821399 670 1777 0 7 0 0 0 0 34 0 0 74 0 0 0 0 0 0 0 0 0 0 0 0 0 0 0 0 0 0 0 0 0 0 0 0 0 0
1556827094 670 1777 0 7 0 0 0 0 34 0 0 74 0 0 0 0 0 0 0 0 0 0 0 0 0 0 0 0 0 0 0 0 0 0 0 0 0 0
1556963155 670 1777 0 7 0 0 0 0 34 0 0 74 0 0 0 0 0 0 0 0 0 0 0 0 0 0 0 0 0 0 0 0 0 0 0 0 0 0
1558445514 670 2228 0 7 0 0 0 0 34 0 0 74 0 0 0 0 0 0 0 0 0 0 0 0 0 0 0 0 0 0 0 0 0 0 0 0 0 0
1558456360 670 2230 0 7 0 0 0 0 34 0 0 74 0 0 0 0 0 0 0 0 0 0 0 0 0 0 0 0 0 0 0 0 0 0 0 0 0 0
1558703747 670 2231 0 7 0 0 0 0 34 0 0 74 0 0 0 0 0 0 0 0 0 0 0 0 0 0 0 0 0 0 0 0 0 0 0 0 0 0
1558708222 670 2253 0 7 0 0 0 0 34 0 0 74 0 0 0 0 0 0 0 0 0 0 0 0 0 0 0 0 0 0 0 0 0 0 0 0 0 0
1559305185 670 2253 0 7 0 0 0 0 34 0 0 74 0 0 0 0 0 0 0 0 0 0 0 0 0 0 0 0 0 0 0 0 0 0 0 0 0 0
1560792349 709 2253 0 7 0 0 0 0 34 0 0 74 0 0 0 0 0 0 0 0 0 0 0 0 0 0 0 0 0 0 0 0 0 0 0 0 0 0
1560814435 709 2253 0 7 0 0 0 0 34 0 0 74 0 0 0 0 0 0 0 0 0 0 0 0 0 0 0 0 0 0 0 0 0 0 0 0 0 0
1561451599 709 2255 0 7 0 0 0 0 34 0 0 74 0 0 0 0 0 0 0 0 0 0 0 0 0 0 0 0 0 0 0 0 0 0 0 0 0 0
1561454604 709 2255 0 7 0 0 0 0 34 0 0 74 0 0 0 0 0 0 0 0 0 0 0 0 0 0 0 0 0 0 0 0 0 0 0 0 0 0
1562783230 1681 2255 0 7 0 0 0 0 34 0 0 74 0 0 0 0 0 0 0 0 0 0 0 0 0 0 0 0 0 0 0 0 0 0 0 0 0 0
1562785956 1684 2255 0 7 0 0 0 0 34 0 0 74 0 0 0 0 0 0 0 0 0 0 0 0 0 0 0 0 0 0 0 0 0 0 0 0 0 0
1562978122 1684 2255 0 7 0 0 0 0 34 0 0 74 0 0 0 0 0 0 0 0 0 0 0 0 0 0 0 0 0 0 0 0 0 0 0 0 0 0
1563312687 1684 2255 0 7 2 0 0 0 34 0 0 74 0 0 0 0 0 0 0 0 0 0 0 0 0 0 0 0 0 0 0 0 0 0 0 0 0 0
1563317951 1711 2255 0 7 2 0 0 0 34 0 0 74 0 0 0 0 0 0 0 0 0 0 0 0 0 0 0 0 0 0 0 0 0 0 0 0 0 0
1563328057 1711 2255 0 7 2 0 0 0 34 0 0 74 0 0 0 0 0 0 0 0 0 0 0 0 0 0 0 0 0 0 0 0 0 0 0 0 0 0
1563530678 1711 2255 0 7 2 0 0 0 34 0 0 74 0 0 0 0 0 0 0 0 0 0 0 0 0 0 0 0 0 0 0 0 0 0 0 0 0 0
1563799122 1711 2255 0 7 2 0 0 0 34 0 0 74 0 0 0 0 0 0 0 0 0 0 0 0 0 0 0 0 0 0 0 0 0 0 0 0 0 0
1563907619 1711 2255 0 7 37 0 0 0 34 0 0 74 0 0 0 0 0 0 0 0 0 0 0 0 0 0 0 0 0 0 0 0 0 0 0 0 0 0
1564166569 1711 2255 0 7 39 0 0 0 34 0 0 74 0 0 0 0 0 0 0 0 0 0 0 0 0 0 0 0 0 0 0 0 0 0 0 0 0 0
1564369421 1711 2255 0 7 39 0 0 0 34 0 0 74 0 0 0 0 0 0 0 0 0 0 0 0 0 0 0 0 0 0 0 0 0 0 0 0 0 0
1564380350 1711 2255 0 7 39 0 0 0 34 0 0 74 0 0 0 0 0 0 0 0 0 0 0 0 0 0 0 0 0 0 0 0 0 0 0 0 0 0
1564779576 1711 2255 0 7 39 0 0 0 34 0 0 74 0 0 0 0 0 0 0 0 0 0 0 0 0 0 0 0 0 0 0 0 0 0 0 0 0 0
1565110415 1711 2255 0 7 39 0 0 0 34 0 0 74 0 0 0 0 0 0 0 0 0 0 0 0 0 0 0 0 0 0 0 0 0 0 0 0 0 0
1565192127 1711 2255 0 7 39 0 0 0 34 0 0 74 0 0 0 0 0 0 0 0 0 0 0 0 0 0 0 0 0 0 0 0 0 0 0 0 0 0
1565210896 1711 2274 0 7 39 0 0 0 34 0 0 74 0 0 0 0 0 0 0 0 0 0 0 0 0 0 0 0 0 0 0 0 0 0 0 0 0 0
1565357374 1711 2284 0 7 39 0 0 0 34 0 0 74 0 0 0 0 0 0 0 0 0 0 0 0 0 0 0 0 0 0 0 0 0 0 0 0 0 0
1565363553 1711 2285 0 7 39 0 0 0 34 0 0 74 0 0 0 0 0 0 0 0 0 0 0 0 0 0 0 0 0 0 0 0 0 0 0 0 0 0
1565370443 1711 2285 0 7 39 0 0 0 34 0 0 74 0 0 0 0 0 0 0 0 0 0 0 0 0 0 0 0 0 0 0 0 0 0 0 0 0 0
1565442340 1711 2285 0 7 39 0 0 0 34 0 0 74 0 0 0 0 0 0 0 0 0 0 0 0 0 0 0 0 0 0 0 0 0 0 0 0 0 0
1565634840 1711 2285 0 7 43 0 0 0 34 0 0 74 0 0 0 0 0 0 0 0 0 0 0 0 0 0 0 0 0 0 0 0 0 0 0 0 0 0
1565661575 1711 2285 0 7 43 0 0 0 34 0 0 74 0 0 0 0 0 0 0 0 0 0 0 0 0 0 0 0 0 0 0 0 0 0 0 0 0 0
1565661594 1711 2285 0 7 43 0 0 0 34 0 0 74 0 0 0 0 0 0 0 0 0 0 0 0 0 0 0 0 0 0 0 0 0 0 0 0 0 0
1565781553 1711 2285 0 7 43 0 0 0 34 0 0 74 0 0 0 0 0 0 1 0 0 0 0 0 0 0 0 0 0 0 0 0 0 0 0 0 0 0
1565805553 1711 2285 0 7 43 0 0 0 34 0 0 74 0 0 0 0 0 0 1 0 0 0 0 0 0 0 0 0 0 0 0 0 0 0 0 0 0 0
1565807568 1711 2285 0 7 43 0 0 0 34 0 0 74 0 0 0 0 0 0 1 0 0 0 0 0 0 0 0 0 0 0 0 0 0 0 0 0 0 0
1565912680 1717 2285 0 7 43 0 0 0 34 0 0 74 0 0 0 0 0 0 1 0 0 0 0 0 0 0 0 0 0 0 0 0 0 0 0 0 0 0
1565935527 1974 2285 0 7 43 0 0 0 34 0 0 74 0 0 0 0 0 0 1 0 0 0 0 0 0 0 0 0 0 0 0 0 0 0 0 0 0 0
1565944551 1974 2285 0 7 43 0 0 0 34 0 0 74 0 0 0 0 0 0 1 0 0 0 0 0 0 0 0 0 0 0 0 0 0 0 0 0 0 0
1565945080 1974 2285 0 7 43 0 0 0 34 0 0 74 0 0 0 0 0 0 1 0 0 0 0 0 0 0 0 0 0 0 0 0 0 0 0 0 0 0
1566294818 1974 2285 0 7 43 0 0 0 34 0 0 74 0 0 0 0 0 0 1 0 0 0 0 0 0 0 0 0 0 0 0 0 0 0 0 0 0 0
1566321062 1974 2285 0 7 43 0 0 0 34 0 0 74 0 0 0 0 0 0 1 0 0 0 0 0 0 0 0 0 0 0 0 0 0 0 0 0 0 0
1566321080 1974 2285 0 7 43 0 0 0 34 0 0 74 0 0 0 0 0 0 1 0 0 0 0 0 0 0 0 0 0 0 0 0 0 0 0 0 0 0
1566395843 1974 2285 0 7 43 0 0 0 34 0 0 74 0 0 0 0 0 0 1 0 0 0 0 0 0 0 0 0 0 0 0 0 0 0 0 0 0 0
1566433844 1974 2285 0 7 46 0 0 0 34 0 0 74 0 0 0 0 0 0 1 0 0 0 0 0 0 0 0 0 0 0 0 0 0 0 0 0 0 0
1566482646 1974 2285 0 7 54 0 0 0 34 0 0 74 0 0 0 0 0 0 1 0 0 0 0 0 0 0 0 0 0 0 0 0 0 0 0 0 0 0
1566485962 1974 2285 0 7 54 0 0 0 34 0 0 74 0 0 0 0 0 0 1 0 0 0 0 0 0 0 0 0 0 0 0 0 0 0 0 0 0 0
1566489898 1974 2285 0 7 54 0 0 0 34 0 0 74 0 0 0 0 0 0 1 0 0 0 0 0 0 0 0 0 0 0 0 0 0 0 0 0 0 0
1566494448 1974 2285 0 7 54 0 0 0 34 0 0 74 0 0 0 0 0 0 1 0 0 0 0 0 0 0 0 0 0 0 0 0 0 0 0 0 0 0
1566828046 1974 2285 0 7 101 0 0 0 34 0 0 74 0 0 0 0 0 0 1 0 0 0 0 0 0 0 0 0 0 0 0 0 0 0 0 0 0 0
1566829179 1974 2285 0 7 103 0 0 0 34 0 0 74 0 0 0 0 0 0 1 0 0 0 0 0 0 0 0 0 0 0 0 0 0 0 0 0 0 0
1566842681 1974 2285 0 7 106 0 0 0 34 0 0 74 0 0 0 0 0 0 1 0 0 0 0 0 0 0 0 0 0 0 0 0 0 0 0 0 0 0
1566869995 1980 2285 0 7 106 0 0 0 34 0 0 74 0 0 0 0 0 0 1 0 0 0 0 0 0 0 0 0 0 0 0 0 0 0 0 0 0 0
1566933444 1980 2285 0 7 111 0 0 0 34 0 0 74 0 0 0 0 0 0 1 0 0 0 0 0 0 0 0 0 0 0 0 0 0 0 0 0 0 0
1567018806 1985 2285 0 7 111 0 0 0 34 0 0 74 0 0 0 0 0 0 1 0 0 0 0 0 0 0 0 0 0 0 0 0 0 0 0 0 0 0
1567043801 1985 2285 0 7 111 0 0 0 34 0 0 74 0 0 0 0 0 0 1 0 0 0 0 0 0 0 0 0 0 0 0 0 0 0 0 0 0 0
1567045133 1985 2285 0 7 111 0 0 0 34 0 0 74 0 0 0 0 0 0 1 0 0 0 0 0 0 0 0 0 0 0 0 0 0 0 0 0 0 0
1567074246 1985 2285 0 7 111 0 0 0 34 0 0 74 0 0 0 0 0 0 1 0 0 0 0 0 0 0 0 0 0 0 0 0 0 0 0 0 0 0
1567487462 2361 2285 0 7 111 0 0 0 34 0 0 74 0 0 0 0 0 0 1 0 0 0 0 0 0 0 0 0 0 0 0 0 0 0 0 0 0 0
1567635572 2361 2285 0 7 111 0 0 0 34 0 0 74 0 0 0 0 0 0 1 0 0 0 0 0 0 0 0 0 0 0 0 0 0 0 0 0 0 0
1567693707 2363 2285 0 7 111 0 0 0 34 0 0 74 0 0 0 0 0 0 1 0 0 0 0 0 0 0 0 0 0 0 0 0 0 0 0 0 0 0
1567798215 2363 2285 0 7 111 0 0 0 34 0 0 74 0 0 0 0 0 0 1 0 0 0 0 0 0 0 0 0 0 0 0 0 0 0 0 0 0 0
1568367775 2363 2285 0 7 111 0 0 0 34 0 0 74 0 0 0 0 0 0 1 0 0 0 0 0 0 0 0 0 0 0 0 0 0 0 0 0 0 0
1568867190 2363 2285 0 7 114 0 0 0 34 0 0 74 0 0 0 0 0 0 1 0 0 0 0 0 0 0 0 0 0 0 0 0 0 0 0 0 0 0
1569353342 2365 2285 0 7 114 0 0 0 34 0 0 74 0 0 0 0 0 0 1 0 0 0 0 0 0 0 0 0 0 0 0 0 0 0 0 0 0 0
1569358514 2365 2285 0 7 114 0 0 0 34 0 0 74 0 0 0 0 0 0 1 0 0 0 0 0 0 0 0 0 0 0 0 0 0 0 0 0 0 0
1569426214 2365 2285 0 7 116 0 0 0 34 0 0 74 0 0 0 0 0 0 1 0 0 0 0 0 0 0 0 0 0 0 0 0 0 0 0 0 0 0
1569431995 2365 2285 0 7 116 0 0 0 34 0 0 74 0 0 0 0 0 0 1 0 0 0 0 0 0 0 0 0 0 0 0 0 0 0 0 0 0 0
1569964089 2365 2285 0 7 116 0 0 0 34 0 0 74 0 0 0 0 0 0 1 0 0 0 0 0 0 0 0 0 0 0 0 0 0 0 0 0 0 0
1571816504 2365 2285 0 7 116 0 0 0 34 0 0 74 0 0 0 0 0 0 1 0 0 0 0 0 0 0 0 0 0 0 0 0 0 0 0 0 0 0
1573079507 2409 2285 0 7 116 0 0 0 34 0 0 74 0 0 0 0 0 0 1 0 0 0 0 0 0 0 0 0 0 0 0 0 0 0 0 0 0 0
1573164840 2454 2285 0 7 116 0 0 0 34 0 0 74 0 0 0 0 0 0 1 0 0 0 0 0 0 0 0 0 0 0 0 0 0 0 0 0 0 0
1573249052 2520 2285 0 7 116 0 0 0 34 0 0 74 0 0 0 0 0 0 1 0 0 0 0 0 0 0 0 0 0 0 0 0 0 0 0 0 0 0
1573252245 2547 2285 0 7 116 0 0 0 34 0 0 74 0 0 0 0 0 0 1 0 0 0 0 0 0 0 0 0 0 0 0 0 0 0 0 0 0 0
1573271464 2547 2285 0 7 116 0 0 0 34 0 0 74 0 0 0 0 0 0 1 0 0 0 0 0 0 0 0 0 0 0 0 0 0 0 0 0 0 0
1573271625 2547 2285 0 7 116 0 0 0 34 0 0 74 0 0 0 0 0 0 1 0 0 0 0 0 0 0 0 0 0 0 0 0 0 0 0 0 0 0
1574277635 3306 2285 0 7 116 0 0 0 34 0 0 74 0 0 0 0 0 0 1 0 0 0 0 0 0 0 0 0 0 0 0 0 0 0 0 0 0 0
1574291331 3306 2285 0 7 116 0 0 0 34 0 0 74 0 0 0 0 0 0 1 0 0 0 0 0 0 0 0 0 0 0 0 0 0 0 0 0 0 0
1574614536 3306 2285 0 7 116 0 0 0 34 0 0 74 0 0 0 0 0 0 1 0 0 0 0 0 0 0 0 0 0 0 0 0 0 0 0 0 0 0
1574690269 3306 2285 0 7 116 0 0 0 34 0 0 74 0 0 0 0 0 0 1 0 0 0 0 0 0 0 0 0 0 0 0 0 0 0 0 0 0 0
1574870726 3306 2285 0 7 116 0 0 0 135 0 0 74 0 0 0 0 0 0 1 0 0 0 0 0 0 0 0 0 0 0 0 0 0 0 0 0 0 0
1574904558 3306 2285 0 7 116 0 0 0 254 0 0 74 0 0 0 0 0 0 1 0 0 0 0 0 0 0 0 0 0 0 0 0 0 0 0 0 0 0
1575642228 3306 2398 0 7 116 0 0 0 254 0 0 74 0 0 0 0 0 0 1 0 0 0 0 0 0 0 0 0 0 0 0 0 0 0 0 0 0 0
1575651706 3306 2416 0 7 116 0 0 0 254 0 0 74 0 0 0 0 0 0 1 0 0 0 0 0 0 0 0 0 0 0 0 0 0 0 0 0 0 0
1575673125 3306 2416 0 7 116 0 0 0 254 0 0 74 0 0 0 0 0 0 1 0 0 0 0 0 0 0 0 0 0 0 0 0 0 0 0 0 0 0
1575674408 3306 2416 0 7 116 0 0 0 254 0 0 74 0 0 0 0 0 0 1 0 0 0 0 0 0 0 0 0 0 0 0 0 0 0 0 0 0 0
1575979976 3306 2416 0 7 116 0 0 0 254 0 0 74 0 0 0 0 0 0 1 0 0 0 0 0 0 0 0 0 0 0 0 0 0 0 0 0 0 0
1576603828 3306 2416 0 7 116 0 0 0 254 0 0 74 0 0 0 0 0 0 1 0 0 0 0 0 0 0 0 0 0 0 0 0 0 0 0 0 0 0
1576611944 3306 2416 0 7 116 0 0 0 254 0 0 74 0 0 0 0 0 0 1 0 0 0 0 0 0 0 0 0 0 0 0 0 0 0 0 0 0 0
1576619305 3306 2416 0 7 116 0 0 0 254 0 0 74 0 0 0 0 0 0 1 0 0 0 0 0 0 0 0 0 0 0 0 0 0 0 0 0 0 0
1576878177 3352 2416 0 7 116 0 0 0 254 0 0 74 0 0 0 0 0 0 1 0 0 0 0 0 0 0 0 0 0 0 0 0 0 0 0 0 0 0
1576943372 3352 2416 0 7 116 0 0 0 254 0 0 74 0 0 0 0 0 0 1 0 0 0 0 0 0 0 0 0 0 0 0 0 0 0 0 0 0 0
1577398049 3373 2416 0 7 116 0 0 0 254 0 0 74 0 0 0 0 0 0 1 0 0 0 0 0 0 0 0 0 0 0 0 0 0 0 0 0 0 0
1577399462 3441 2416 0 7 116 0 0 0 254 0 0 74 0 0 0 0 0 0 1 0 0 0 0 0 0 0 0 0 0 0 0 0 0 0 0 0 0 0
1577461030 3441 2416 0 7 116 0 0 0 254 0 0 74 0 0 0 0 0 0 1 0 0 0 0 0 0 0 0 0 0 0 0 0 0 0 0 0 0 0
1578342072 3464 2416 0 7 116 0 0 0 254 0 0 74 0 0 0 0 0 0 1 0 0 0 0 0 0 0 0 0 0 0 0 0 0 0 0 0 0 0
1578415522 3491 2416 0 7 116 0 0 0 254 0 0 74 0 0 0 0 0 0 1 0 0 0 0 0 0 0 0 0 0 0 0 0 0 0 0 0 0 0
1578440707 3491 2416 0 7 116 0 0 0 254 0 0 74 0 0 0 0 0 0 1 0 0 0 0 0 0 0 0 0 0 0 0 0 0 0 0 0 0 0
1578595661 3591 2416 0 7 116 0 0 0 254 0 0 74 0 0 0 0 0 0 1 0 0 0 0 0 0 0 0 0 0 0 0 0 0 0 0 0 0 0
1578604569 3591 2416 0 7 116 0 0 0 254 0 0 74 0 0 0 0 0 0 1 0 0 0 0 0 0 0 0 0 0 0 0 0 0 0 0 0 0 0
1578946792 3599 2416 0 7 116 0 0 0 254 0 0 74 0 0 0 0 0 0 1 0 0 0 0 0 0 0 0 0 0 0 0 0 0 0 0 0 0 0
1578948285 3600 2416 0 7 116 0 0 0 254 0 0 74 0 0 0 0 0 0 1 0 0 0 0 0 0 0 0 0 0 0 0 0 0 0 0 0 0 0
1578950923 3600 2416 0 7 116 0 0 0 254 0 0 74 0 0 0 0 0 0 1 0 0 0 0 0 0 0 0 0 0 0 0 0 0 0 0 0 0 0
1579121034 3944 2416 0 7 116 0 0 0 254 0 0 74 0 0 0 0 0 0 1 0 0 0 0 0 0 0 0 0 0 0 0 0 0 0 0 0 0 0
1579126077 3977 2416 0 7 116 0 0 0 254 0 0 74 0 0 0 0 0 0 1 0 0 0 0 0 0 0 0 0 0 0 0 0 0 0 0 0 0 0
1579196827 4347 2416 0 7 116 0 0 0 254 0 0 74 0 0 0 0 0 0 1 0 0 0 0 0 0 0 0 0 0 0 0 0 0 0 0 0 0 0
1579204893 7016 2416 0 7 116 0 0 0 254 0 0 74 0 0 0 0 0 0 1 0 0 0 0 0 0 0 0 0 0 0 0 0 0 0 0 0 0 0
1579213485 7016 2416 0 7 116 0 0 0 254 0 0 74 0 0 0 0 0 0 1 0 0 0 0 0 0 0 0 0 0 0 0 0 0 0 0 0 0 0
1579456710 7037 2416 0 7 116 0 0 0 254 0 0 74 0 0 0 0 0 0 1 0 0 0 0 0 0 0 0 0 0 0 0 0 0 0 0 0 0 0
1579457631 7055 2416 0 7 116 0 0 0 254 0 0 74 0 0 0 0 0 0 1 0 0 0 0 0 0 0 0 0 0 0 0 0 0 0 0 0 0 0
1579463779 7055 2416 0 7 116 0 0 0 254 0 0 74 0 0 0 0 0 0 1 0 0 0 0 0 0 0 0 0 0 0 0 0 0 0 0 0 0 0
1579801076 7187 2416 0 7 116 0 0 0 254 0 0 74 0 0 0 0 0 0 1 0 0 0 0 0 0 0 0 0 0 0 0 0 0 0 0 0 0 0
1579818111 7187 2416 0 7 116 0 0 0 254 0 0 74 0 0 0 0 0 0 1 0 0 0 0 0 0 0 0 0 0 0 0 0 0 0 0 0 0 0
1580145500 7194 2416 0 7 116 0 0 0 254 0 0 74 0 0 0 0 0 0 1 0 0 0 0 0 0 0 0 0 0 0 0 0 0 0 0 0 0 0
1580147884 7194 2416 0 7 116 0 0 0 254 0 0 74 0 0 0 0 0 0 1 0 0 0 0 0 0 0 0 0 0 0 0 0 0 0 0 0 0 0
1580166080 7194 2416 0 7 116 0 0 0 322 0 0 74 0 0 0 0 0 0 1 0 0 0 0 0 0 0 0 0 0 0 0 0 0 0 0 0 0 0
1580178388 7194 2416 0 7 116 0 0 0 322 0 0 74 0 0 0 0 0 0 1 0 0 0 0 0 0 0 0 0 0 0 0 0 0 0 0 0 0 0
1580423590 7242 2416 0 7 116 0 0 0 322 0 0 74 0 0 0 0 0 0 1 0 0 0 0 0 0 0 0 0 0 0 0 0 0 0 0 0 0 0
1580426368 7243 2416 0 7 116 0 0 0 322 0 0 74 0 0 0 0 0 0 1 0 0 0 0 0 0 0 0 0 0 0 0 0 0 0 0 0 0 0
1580440970 7245 2416 0 7 116 0 0 0 322 0 0 74 0 0 0 0 0 0 1 0 0 0 0 0 0 0 0 0 0 0 0 0 0 0 0 0 0 0
1580481463 7245 2416 0 7 116 0 0 0 322 0 0 74 0 0 0 0 0 0 1 0 0 0 0 0 0 0 0 0 0 0 0 0 0 0 0 0 0 0
1580982912 7245 2435 0 7 116 0 0 0 322 0 0 74 0 0 0 0 0 0 1 0 0 0 0 0 0 0 0 0 0 0 0 0 0 0 0 0 0 0
1580982926 7245 2435 0 7 116 0 0 0 322 0 0 74 0 0 0 0 0 0 1 0 0 0 0 0 0 0 0 0 0 0 0 0 0 0 0 0 0 0
1580983626 7245 2439 0 7 116 0 0 0 322 0 0 74 0 0 0 0 0 0 1 0 0 0 0 0 0 0 0 0 0 0 0 0 0 0 0 0 0 0
1580994769 7245 2447 0 7 116 0 0 0 322 0 0 74 0 0 0 0 0 0 1 0 0 0 0 0 0 0 0 0 0 0 0 0 0 0 0 0 0 0
1580994952 7245 2447 0 7 116 0 0 0 322 0 0 74 0 0 0 0 0 0 1 0 0 0 0 0 0 0 0 0 0 0 0 0 0 0 0 0 0 0
1581002315 7250 2447 0 7 116 0 0 0 322 0 0 74 0 0 0 0 0 0 1 0 0 0 0 0 0 0 0 0 0 0 0 0 0 0 0 0 0 0
1581003345 7251 2447 0 7 116 0 0 0 322 0 0 74 0 0 0 0 0 0 1 0 0 0 0 0 0 0 0 0 0 0 0 0 0 0 0 0 0 0
1581005953 7251 2447 0 7 116 0 0 0 322 0 0 74 0 0 0 0 0 0 1 0 0 0 0 0 0 0 0 0 0 0 0 0 0 0 0 0 0 0
1581221766 7251 2447 0 7 116 0 0 0 413 0 0 74 0 0 0 0 0 0 1 0 0 0 0 0 0 0 0 0 0 0 0 0 0 0 0 0 0 0
1581223400 7251 2447 0 7 116 0 0 0 429 0 0 74 0 0 0 0 0 0 1 0 0 0 0 0 0 0 0 0 0 0 0 0 0 0 0 0 0 0
1581349409 7251 2447 0 7 116 0 0 0 429 0 0 74 0 0 0 0 0 0 1 0 0 0 0 0 0 0 0 0 0 0 0 0 0 0 0 0 0 0
1581621833 7273 2447 0 7 116 0 0 0 429 0 0 74 0 0 0 0 0 0 1 0 0 0 0 0 0 0 0 0 0 0 0 0 0 0 0 0 0 0
1581630142 7273 2447 0 7 116 0 0 0 429 0 0 74 0 0 0 0 0 0 1 0 0 0 0 0 0 0 0 0 0 0 0 0 0 0 0 0 0 0
1582585297 9735 2447 0 7 116 0 0 0 429 0 0 74 0 0 0 0 0 0 1 0 0 0 0 0 0 0 0 0 0 0 0 0 0 0 0 0 0 0
1582586685 9738 2447 0 7 116 0 0 0 429 0 0 74 0 0 0 0 0 0 1 0 0 0 0 0 0 0 0 0 0 0 0 0 0 0 0 0 0 0
1582723206 9738 2447 0 7 116 0 0 0 429 0 0 74 0 0 0 0 0 0 1 0 0 0 0 0 0 0 0 0 0 0 0 0 0 0 0 0 0 0
1582933000 9764 2447 0 7 116 0 0 0 429 0 0 74 0 0 0 0 0 0 1 0 0 0 0 0 0 0 0 0 0 0 0 0 0 0 0 0 0 0
1583269177 9764 2447 0 7 116 0 0 0 441 0 0 74 0 0 0 0 0 0 1 0 0 0 0 0 0 0 0 0 0 0 0 0 0 0 0 0 0 0
1583787570 9764 2447 0 7 116 0 0 0 441 0 0 74 0 0 0 0 0 0 1 0 0 0 0 0 0 0 0 0 0 0 0 0 0 0 0 0 0 0
1583862965 10225 2447 0 7 116 0 0 0 441 0 0 74 0 0 0 0 0 0 1 0 0 0 0 0 0 0 0 0 0 0 0 0 0 0 0 0 0 0
1583869931 10232 2447 0 7 116 0 0 0 441 0 0 74 0 0 0 0 0 0 1 0 0 0 0 0 0 0 0 0 0 0 0 0 0 0 0 0 0 0
1583874557 10232 2447 0 7 116 0 0 0 441 0 0 74 0 0 0 0 0 0 1 0 0 0 0 0 0 0 0 0 0 0 0 0 0 0 0 0 0 0
1585228673 10254 2447 0 7 116 0 0 0 441 0 0 74 0 0 0 0 0 0 1 0 0 0 0 0 0 0 0 0 0 0 0 0 0 0 0 0 0 0
1586466319 10290 2447 0 7 116 0 0 0 441 0 0 74 0 0 0 0 0 0 1 0 0 0 0 0 0 0 0 0 0 0 0 0 0 0 0 0 0 0
1586869594 10290 2447 7 7 116 0 0 0 441 0 0 74 0 0 0 0 0 0 1 0 0 0 0 0 0 0 0 0 0 0 0 0 0 0 0 0 0 0
1587597545 10290 2447 7 7 116 0 47 0 441 0 0 74 0 0 0 0 0 0 1 0 0 0 0 0 0 0 0 0 0 0 0 0 0 0 0 0 0 0
1587600469 10290 2447 7 7 116 0 415 0 441 0 0 74 0 0 0 0 0 0 1 0 0 0 0 0 0 0 0 0 0 0 0 0 0 0 0 0 0 0
1588024484 10290 2447 7 7 116 0 415 0 441 0 0 74 0 0 0 0 0 0 126 0 0 0 0 0 0 0 0 0 0 0 0 0 0 0 0 0 0 0
1588271709 10290 2447 7 7 116 0 763 0 441 0 0 74 0 0 0 0 0 0 126 0 0 0 0 0 0 0 0 0 0 0 0 0 0 0 0 0 0 0
1588275259 10290 2447 7 7 116 0 766 0 441 0 0 74 0 0 0 0 0 0 126 0 0 0 0 0 0 0 0 0 0 0 0 0 0 0 0 0 0 0
1588288287 10290 2447 11 7 116 0 766 0 441 0 0 74 0 0 0 0 0 0 126 0 0 0 0 0 0 0 0 0 0 0 0 0 0 0 0 0 0 0
1589220006 10290 2447 11 7 116 0 827 0 441 0 0 74 0 0 0 0 0 0 126 0 0 0 0 0 0 0 0 0 0 0 0 0 0 0 0 0 0 0
1589288863 10290 2447 11 7 116 0 827 0 441 0 0 74 0 0 0 0 0 0 129 0 0 0 0 0 0 0 0 0 0 0 0 0 0 0 0 0 0 0
1589323961 10293 2447 11 7 116 0 827 0 441 0 0 74 0 0 0 0 0 0 129 0 0 0 0 0 0 0 0 0 0 0 0 0 0 0 0 0 0 0
1589495128 10293 2447 13 7 116 0 827 0 441 0 0 74 0 0 0 0 0 0 129 0 0 0 0 0 0 0 0 0 0 0 0 0 0 0 0 0 0 0
1590080717 10377 2447 13 7 116 0 827 0 441 0 0 74 0 0 0 0 0 0 129 0 0 0 0 0 0 0 0 0 0 0 0 0 0 0 0 0 0 0
1590686787 10377 2447 13 7 116 0 1117 0 441 0 0 74 0 0 0 0 0 0 129 0 0 0 0 0 0 0 0 0 0 0 0 0 0 0 0 0 0 0
1591193458 10386 2447 13 7 116 0 1117 0 441 0 0 74 0 0 0 0 0 0 129 0 0 0 0 0 0 0 0 0 0 0 0 0 0 0 0 0 0 0
1591388149 10405 2447 13 7 116 0 1117 0 441 0 0 74 0 0 0 0 0 0 129 0 0 0 0 0 0 0 0 0 0 0 0 0 0 0 0 0 0 0
1591894100 10405 2447 13 7 116 0 1117 0 441 0 19 74 0 0 0 0 0 0 129 0 0 0 0 0 0 0 0 0 0 0 0 0 0 0 0 0 0 0
1592435321 10405 2447 13 7 116 0 1117 0 441 0 31 74 0 0 0 0 0 0 129 0 0 0 0 0 0 0 0 0 0 0 0 0 0 0 0 0 0 0
1593530668 10405 2447 13 7 116 0 1117 0 441 0 32 74 0 0 0 0 0 0 129 0 0 0 0 0 0 0 0 0 0 0 0 0 0 0 0 0 0 0
1593616012 10418 2447 13 7 116 0 1117 0 441 0 32 74 0 0 0 0 0 0 129 0 0 0 0 0 0 0 0 0 0 0 0 0 0 0 0 0 0 0
1594943527 10418 2447 13 7 116 0 1117 8 441 0 32 74 0 0 0 0 0 0 129 0 0 0 0 0 0 0 0 0 0 0 0 0 0 0 0 0 0 0
1595542381 10423 2447 13 7 116 0 1117 8 441 0 32 74 0 0 0 0 0 0 129 0 0 0 0 0 0 0 0 0 0 0 0 0 0 0 0 0 0 0
1596035762 10431 2447 13 7 116 0 1117 8 441 0 32 74 0 0 0 0 0 0 129 0 0 0 0 0 0 0 0 0 0 0 0 0 0 0 0 0 0 0
1597251722 10501 2447 13 7 116 0 1117 8 441 0 32 74 0 0 0 0 0 0 129 0 0 0 0 0 0 0 0 0 0 0 0 0 0 0 0 0 0 0
1597268390 10501 2447 13 7 116 0 1120 8 441 0 32 74 0 0 0 0 0 0 129 0 0 0 0 0 0 0 0 0 0 0 0 0 0 0 0 0 0 0
1598013500 10519 2447 13 7 116 0 1120 8 441 0 32 74 0 0 0 0 0 0 129 0 0 0 0 0 0 0 0 0 0 0 0 0 0 0 0 0 0 0
1599019151 10519 2447 13 77 116 0 1120 8 441 0 32 74 0 0 0 0 0 0 129 0 0 0 0 0 0 0 0 0 0 0 0 0 0 0 0 0 0 0
1599080976 10521 2447 13 77 116 0 1120 8 441 0 32 74 0 0 0 0 0 0 129 0 0 0 0 0 0 0 0 0 0 0 0 0 0 0 0 0 0 0
1601315851 10522 2447 13 77 116 0 1120 8 441 0 32 74 0 0 0 0 0 0 129 0 0 0 0 0 0 0 0 0 0 0 0 0 0 0 0 0 0 0
1602020503 10522 2447 13 77 116 0 1120 8 441 0 41 74 0 0 0 0 0 0 129 0 0 0 0 0 0 0 0 0 0 0 0 0 0 0 0 0 0 0
1602085493 10522 2447 13 77 116 0 1120 423 441 0 41 74 0 0 0 0 0 0 129 0 0 0 0 0 0 0 0 0 0 0 0 0 0 0 0 0 0 0
1602607085 10522 2447 13 77 116 0 1137 423 441 0 41 74 0 0 0 0 0 0 129 0 0 0 0 0 0 0 0 0 0 0 0 0 0 0 0 0 0 0
1602659524 10522 2447 13 77 116 0 1209 423 441 0 41 74 0 0 0 0 0 0 129 0 0 0 0 0 0 0 0 0 0 0 0 0 0 0 0 0 0 0
1602777261 10522 2447 13 77 116 0 1209 475 441 0 41 74 0 0 0 0 0 0 129 0 0 0 0 0 0 0 0 0 0 0 0 0 0 0 0 0 0 0
1603296366 10522 2447 13 77 116 0 1209 549 441 0 41 74 0 0 0 0 0 0 129 0 0 0 0 0 0 0 0 0 0 0 0 0 0 0 0 0 0 0
1603493424 10522 2447 13 77 116 0 1209 549 441 0 41 74 0 0 0 0 0 0 129 0 0 0 0 0 0 0 15 0 0 0 0 0 0 0 0 0 0 0
1603736285 10522 2447 13 77 116 0 1209 550 441 0 41 74 0 0 0 0 0 0 129 0 0 0 0 0 0 0 15 0 0 0 0 0 0 0 0 0 0 0
1604926847 10522 2447 13 77 116 0 1209 550 441 0 41 74 0 0 0 0 0 0 129 0 0 0 0 0 0 0 15 0 0 0 0 0 0 25 0 0 0 0
1605798177 10522 2447 13 77 116 0 1210 550 441 0 41 74 0 0 0 0 0 0 129 0 0 0 0 0 0 0 15 0 0 0 0 0 0 25 0 0 0 0
1606120455 10522 2447 13 77 116 0 1598 550 441 0 41 74 0 0 0 0 0 0 129 0 0 0 0 0 0 0 15 0 0 0 0 0 0 25 0 0 0 0
1606754124 10522 2447 1337 77 116 0 1598 550 441 0 41 74 0 0 0 0 0 0 129 0 0 0 0 0 0 0 15 0 0 0 0 0 0 25 0 0 0 0
1611364948 10522 2447 1337 77 116 0 1598 550 441 0 41 74 0 0 0 0 27 0 129 0 0 0 0 0 0 0 15 0 0 0 0 0 0 25 0 0 0 0
1611692577 10528 2447 1337 77 116 0 1598 550 441 0 41 74 0 0 0 0 27 0 129 0 0 0 0 0 0 0 15 0 0 0 0 0 0 25 0 0 0 0
1612216632 10542 2447 1337 77 116 0 1598 550 441 0 41 74 0 0 0 0 27 0 129 0 0 0 0 0 0 0 15 0 0 0 0 0 0 25 0 0 0 0
1612460124 10542 2447 1337 77 116 0 1598 550 441 0 41 74 13 0 0 0 27 0 129 0 0 0 0 0 0 0 15 0 0 0 0 0 0 25 0 0 0 0
1612470271 10551 2447 1337 77 116 0 1598 550 441 0 41 74 13 0 0 0 27 0 129 0 0 0 0 0 0 0 15 0 0 0 0 0 0 25 0 0 0 0
1612828155 10556 2447 1337 77 116 0 1598 550 441 0 41 74 13 0 0 0 27 0 129 0 0 0 0 0 0 0 15 0 0 0 0 0 0 25 0 0 0 0
1614030826 10556 2447 1337 77 116 0 1598 550 441 0 41 74 13 0 72 0 27 0 129 0 0 0 0 0 0 0 15 0 0 0 0 0 0 25 0 0 0 0
1614100536 10556 2447 1337 77 116 0 1598 550 441 0 41 74 13 0 74 0 27 0 129 0 0 0 0 0 0 0 15 0 0 0 0 0 0 25 0 0 0 0
1614181083 10556 2447 1337 77 116 0 1598 550 441 0 41 74 13 0 74 0 109 0 129 0 0 0 0 0 0 0 15 0 0 0 0 0 0 25 0 0 0 0
1614184198 10556 2447 1337 77 116 0 1598 550 441 0 41 74 13 0 74 0 199 0 129 0 0 0 0 0 0 0 15 0 0 0 0 0 0 25 0 0 0 0
1614358147 10556 2447 1337 77 116 0 1598 693 441 0 41 74 13 0 74 0 199 0 129 0 0 0 0 0 0 0 15 0 0 0 0 0 0 25 0 0 0 0
1614438631 10888 2447 1337 77 116 0 1598 693 441 0 41 74 13 0 74 0 199 0 129 0 0 0 0 0 0 0 15 0 0 0 0 0 0 25 0 0 0 0
1614458421 10888 2447 1337 77 116 0 1598 693 441 0 41 74 13 0 74 0 199 0 129 0 0 0 0 0 0 0 15 0 0 0 0 0 0 25 0 0 0 0
1614463594 14148 2447 1337 77 116 0 1598 693 441 0 41 74 13 0 74 0 199 0 129 0 0 0 0 0 0 0 15 0 0 0 0 0 0 25 0 0 0 0
1614465534 14346 2447 1337 77 116 0 1598 693 441 0 41 74 13 0 74 0 199 0 129 0 0 0 0 0 0 0 15 0 0 0 0 0 0 25 0 0 0 0
1614466179 14352 2447 1337 77 116 0 1598 693 441 0 41 74 13 0 74 0 199 0 129 0 0 0 0 0 0 0 15 0 0 0 0 0 0 25 0 0 0 0
1614468757 14373 2447 1337 77 116 0 1598 693 441 0 41 74 13 0 74 0 199 0 129 0 0 0 0 0 0 0 15 0 0 0 0 0 0 25 0 0 0 0
1615308773 14396 2447 1337 77 116 0 1598 693 441 0 41 74 13 0 74 0 199 0 129 0 0 0 0 0 0 0 15 0 0 0 0 0 0 25 0 0 0 0
1615423604 14396 2447 1337 77 116 0 1598 693 441 0 41 74 13 0 74 0 199 0 129 0 0 0 0 0 0 0 15 0 0 0 0 0 0 25 0 0 0 0
1615426436 14875 2447 1337 77 116 0 1598 693 441 0 41 74 13 0 74 0 199 0 129 0 0 0 0 0 0 0 15 0 0 0 0 0 0 25 0 0 0 0
1615427982 14981 2447 1337 77 116 0 1598 693 441 0 41 74 13 0 74 0 199 0 129 0 0 0 0 0 0 0 15 0 0 0 0 0 0 25 0 0 0 0
1615438445 14981 2447 1337 77 116 0 1598 693 441 0 41 74 13 0 74 0 199 0 129 0 0 0 0 0 0 0 15 0 0 0 0 0 0 25 0 0 0 0
1615498334 14981 2447 1337 77 116 1096 1598 693 441 0 41 74 13 0 74 0 199 0 129 0 0 0 0 0 0 0 15 0 0 0 0 0 0 25 0 0 0 0
1615645840 14983 2447 1337 77 116 1096 1598 693 441 0 41 74 13 0 74 0 199 0 129 0 0 0 0 0 0 0 15 0 0 0 0 0 0 25 0 0 0 0
1615817263 15127 2447 1337 77 116 1096 1598 693 441 0 41 74 13 0 74 0 199 0 129 0 0 0 0 0 0 0 15 0 0 0 0 0 0 25 0 0 0 0
1616079505 15127 2447 1337 77 116 1096 1598 693 441 0 41 74 13 0 74 0 199 0 129 0 0 0 0 0 0 0 15 0 1 0 0 0 0 25 0 0 0 0
1616167682 15127 2447 1337 460 116 1096 1598 693 441 0 41 74 13 0 74 0 199 0 129 0 0 0 0 0 0 0 15 0 1 0 0 0 0 25 0 0 0 0
1616250531 15127 2447 1337 513 116 1096 1598 693 441 0 41 74 13 0 74 0 199 0 129 0 0 0 0 0 0 0 15 0 1 0 0 0 0 25 0 0 0 0
1616332802 15127 2447 1337 513 116 1096 1598 693 441 0 41 74 13 0 74 0 199 0 129 0 0 0 0 0 0 1510 15 0 1 0 0 0 0 25 0 0 0 0
1616508903 15127 2447 1337 513 116 1096 1598 693 441 0 41 74 13 0 74 0 199 0 129 0 0 0 0 5 0 1510 15 0 1 0 0 0 0 25 0 0 0 0
1616596410 15127 2447 1337 513 116 1096 1610 693 441 0 41 74 13 0 74 0 199 0 129 0 0 0 0 5 0 1510 15 0 1 0 0 0 0 25 0 0 0 0
1616622395 15127 2447 1337 513 116 1675 1610 693 441 0 41 74 13 0 74 0 199 0 129 0 0 0 0 5 0 1510 15 0 1 0 0 0 0 25 0 0 0 0
1616706390 15712 2447 1337 513 116 1675 1610 693 441 0 41 74 13 0 74 0 199 0 129 0 0 0 0 5 0 1510 15 0 1 0 0 0 0 25 0 0 0 0
1617002437 15712 2447 1337 513 116 1675 1683 693 441 0 41 74 13 0 74 0 199 0 129 0 0 0 0 5 0 1510 15 0 1 0 0 0 0 25 0 0 0 0
1617125381 15712 2447 1337 513 116 1675 1683 693 441 0 41 74 13 0 74 2382 199 0 129 0 0 0 0 5 0 1510 15 0 1 0 0 0 0 25 0 0 0 0
1617142024 15712 2447 1337 3253 116 1675 1683 693 441 0 41 74 13 0 74 2382 199 0 129 0 0 0 0 5 0 1510 15 0 1 0 0 0 0 25 0 0 0 0
1617170825 15712 2447 1337 3253 116 1675 1683 693 441 0 41 74 14 0 74 2382 199 0 129 0 0 0 0 5 0 1510 15 0 1 0 0 0 0 25 0 0 0 0
1617190749 15712 2447 1337 3320 116 1675 1683 693 441 0 41 74 14 0 74 2382 199 0 129 0 0 0 0 5 0 1510 15 0 1 0 0 0 0 25 0 0 0 0
1617218365 15712 2447 1337 3320 116 1675 1683 693 441 0 41 74 17 0 74 2382 199 0 129 0 0 0 0 5 0 1510 15 0 1 0 0 0 0 25 0 0 0 0
1617239805 15712 2447 1337 3320 116 1675 1683 693 441 0 41 74 17 0 74 2629 199 0 129 0 0 0 0 5 0 1510 15 0 1 0 0 0 0 25 0 0 0 0
1617245011 15712 2447 1337 3320 116 1677 1683 693 441 0 41 74 17 0 74 2629 199 0 129 0 0 0 0 5 0 1510 15 0 1 0 0 0 0 25 0 0 0 0
1617255124 15712 2447 1337 3320 116 1677 1683 693 441 0 41 74 17 0 74 2629 199 0 129 0 0 0 0 5 0 1510 15 0 1 0 0 0 0 25 0 0 0 0
1617257877 15712 2447 1337 3586 116 1677 1683 693 441 0 41 74 17 0 74 2629 199 0 129 0 0 0 0 5 0 1510 15 0 1 0 0 0 0 25 0 0 0 0
1617272920 15712 2447 1337 3586 116 1677 1683 693 441 0 41 74 49 0 74 2629 199 0 129 0 0 0 0 5 0 1510 15 0 1 0 0 0 0 25 0 0 0 0
1617318053 15714 2447 1337 3586 116 1677 1683 693 441 0 41 74 49 0 74 2629 199 0 129 0 0 0 0 5 0 1510 15 0 1 0 0 0 0 25 0 0 0 0
1617389398 16200 2447 1337 3586 116 1677 1683 693 441 0 41 74 49 0 74 2629 199 0 129 0 0 0 0 5 0 1510 15 0 1 0 0 0 0 25 0 0 0 0
1617795004 16200 2447 1337 3586 116 7937 1683 693 441 0 41 74 49 0 74 2629 199 0 129 0 0 0 0 5 0 1510 15 0 1 0 0 0 0 25 0 0 0 0
1617992966 16217 2447 1337 3586 116 7937 1683 693 441 0 41 74 49 0 74 2629 199 0 129 0 0 0 0 5 0 1510 15 0 1 0 0 0 0 25 0 0 0 0
1618248966 16226 2447 1337 3586 116 7937 1683 693 441 0 41 74 49 0 74 2629 199 0 129 0 0 0 0 5 0 1510 15 0 1 0 0 0 0 25 0 0 0 0
1618496056 16228 2447 1337 3586 116 7937 1683 693 441 0 41 74 49 0 74 2629 199 0 129 0 0 0 0 5 0 1510 15 0 1 0 0 0 0 25 0 0 0 0
1618502846 16232 2447 1337 3586 116 7937 1683 693 441 0 41 74 49 0 74 2629 199 0 129 0 0 0 0 5 0 1510 15 0 1 0 0 0 0 25 0 0 0 0
1618845355 16436 2447 1337 3586 116 7937 1683 693 441 0 41 74 49 0 74 2629 199 0 129 0 0 0 0 5 0 1510 15 0 1 0 0 0 0 25 0 0 0 0
1618863207 16436 2447 1337 3586 116 7937 1683 693 441 0 41 74 49 0 74 2629 199 0 129 0 0 0 0 5 0 1510 15 0 1 140 0 0 0 25 0 0 0 0
1619026161 16466 2447 1337 3586 116 7937 1683 693 441 0 41 74 49 0 74 2629 199 0 129 0 0 0 0 5 0 1510 15 0 1 140 0 0 0 25 0 0 0 0
1619041515 16466 2447 1338 3586 116 7937 1683 693 441 0 41 74 49 0 74 2629 199 0 129 0 0 0 0 5 0 1510 15 0 1 140 0 0 0 25 0 0 0 0
1619361500 16483 2447 1338 3586 116 7937 1683 693 441 0 41 74 49 0 74 2629 199 0 129 0 0 0 0 5 0 1510 15 0 1 140 0 0 0 25 0 0 0 0
1619459416 16491 2447 1338 3586 116 7937 1683 693 441 0 41 74 49 0 74 2629 199 0 129 0 0 0 0 5 0 1510 15 0 1 140 0 0 0 25 0 0 0 0
1619540790 16493 2447 1338 3586 116 7937 1683 693 441 0 41 74 49 0 74 2629 199 0 129 0 0 0 0 5 0 1510 15 0 1 140 0 0 0 25 0 0 0 0
1619551851 16493 2447 1338 3586 116 7937 1683 693 441 0 41 74 49 0 115 2629 199 0 129 0 0 0 0 5 0 1510 15 0 1 140 0 0 0 25 0 0 0 0
1619825359 16493 2447 1338 3586 116 8185 1683 693 441 0 41 74 49 0 115 2629 199 0 129 0 0 0 0 5 0 1510 15 0 1 140 0 0 0 25 0 0 0 0
1620233618 16493 2447 1338 3586 116 8208 1683 693 441 0 41 74 49 0 115 2629 199 0 129 0 0 0 0 5 0 1510 15 0 1 140 0 0 0 25 0 0 0 0
1620236736 16493 2447 1338 3586 116 8208 1683 714 441 0 41 74 49 0 115 2629 199 0 129 0 0 0 0 5 0 1510 15 0 1 140 0 0 0 25 0 0 0 0
1620244018 19105 2447 1338 3586 116 8208 1683 714 441 0 41 74 49 0 115 2629 199 0 129 0 0 0 0 5 0 1510 15 0 1 140 0 0 0 25 0 0 0 0
1620324520 19105 2447 1338 3586 116 8368 1683 714 441 0 41 74 49 0 115 2629 199 0 129 0 0 0 0 5 0 1510 15 0 1 140 0 0 0 25 0 0 0 0
1620412579 19131 2447 1338 3586 116 8368 1683 714 441 0 41 74 49 0 115 2629 199 0 129 0 0 0 0 5 0 1510 15 0 1 140 0 0 0 25 0 0 0 0
1620414870 19134 2447 1338 3586 116 8368 1683 714 441 0 41 74 49 0 115 2629 199 0 129 0 0 0 0 5 0 1510 15 0 1 140 0 0 0 25 0 0 0 0
1620658042 19137 2447 1338 3586 116 8368 1683 714 441 0 41 74 49 0 115 2629 199 0 129 0 0 0 0 5 0 1510 15 0 1 140 0 0 0 25 0 0 0 0
1620749410 19137 2447 1338 3586 116 8400 1683 714 441 0 41 74 49 0 115 2629 199 0 129 0 0 0 0 5 0 1510 15 0 1 140 0 0 0 25 0 0 0 0
1620822837 19175 2447 1338 3586 116 8400 1683 714 441 0 41 74 49 0 115 2629 199 0 129 0 0 0 0 5 0 1510 15 0 1 140 0 0 0 25 0 0 0 0
1620898589 19175 2447 1338 3586 116 8401 1683 714 441 0 41 74 49 0 115 2629 199 0 129 0 0 0 0 5 0 1510 15 0 1 140 0 0 0 25 0 0 0 0
1620979220 19175 2447 1338 3586 116 8812 1683 714 441 0 41 74 49 0 115 2629 199 0 129 0 0 0 0 5 0 1510 15 0 1 140 0 0 0 25 0 0 0 0
1621449347 19282 2447 1338 3586 116 8812 1683 714 441 0 41 74 49 0 115 2629 199 0 129 0 0 0 0 5 0 1510 15 0 1 140 0 0 0 25 0 0 0 0
1621528402 19782 2447 1338 3586 116 8812 1683 714 441 0 41 74 49 0 115 2629 199 0 129 0 0 0 0 5 0 1510 15 0 1 140 0 0 0 25 0 0 0 0
1621962549 20107 2447 1338 3586 116 8812 1683 714 441 0 41 74 49 0 115 2629 199 0 129 0 0 0 0 5 0 1510 15 0 1 140 0 0 0 25 0 0 0 0
1622125124 20146 2447 1338 3586 116 8812 1683 714 441 0 41 74 49 0 115 2629 199 0 129 0 0 0 0 5 0 1510 15 0 1 140 0 0 0 25 0 0 0 0
1622570496 20146 2447 1338 3586 116 8867 1683 714 441 0 41 74 49 0 115 2629 199 0 129 0 0 0 0 5 0 1510 15 0 1 140 0 0 0 25 0 0 0 0
1622640515 20271 2447 1338 3586 116 8867 1683 714 441 0 41 74 49 0 115 2629 199 0 129 0 0 0 0 5 0 1510 15 0 1 140 0 0 0 25 0 0 0 0
1622671081 20271 2447 1338 3586 116 8867 1683 714 441 0 41 74 49 0 115 2629 199 0 129 0 1 0 0 5 0 1510 15 0 1 140 0 0 0 25 0 0 0 0
1622734668 20271 2447 1338 3586 116 8888 1683 714 441 0 41 74 49 0 115 2629 199 0 129 0 1 0 0 5 0 1510 15 0 1 140 0 0 0 25 0 0 0 0
1622737756 20271 2447 1338 3586 116 8888 1683 714 441 0 41 74 49 0 115 2629 199 0 129 0 2 0 0 5 0 1510 15 0 1 140 0 0 0 25 0 0 0 0
1622802452 20271 2447 1338 3586 116 8888 1683 714 441 0 41 74 49 0 115 2629 199 0 129 50 2 0 0 5 0 1510 15 0 1 140 0 0 0 25 0 0 0 0
1622823595 20271 2447 1338 3586 116 8888 1683 714 441 0 41 74 49 0 115 2629 199 0 129 50 2 0 0 5 0 1510 15 0 1 140 0 0 0 25 0 0 0 1
1623367044 20271 2447 1338 3586 116 8888 1683 714 441 0 41 74 49 0 115 2629 199 0 129 141 2 0 0 5 0 1510 15 0 1 140 0 0 0 25 0 0 0 1
1623403061 20271 2447 1338 3586 116 8910 1683 714 441 0 41 74 49 0 115 2629 199 0 129 141 2 0 0 5 0 1510 15 0 1 140 0 0 0 25 0 0 0 1
1623667458 20282 2447 1338 3586 116 8910 1683 714 441 0 41 74 49 0 115 2629 199 0 129 141 2 0 0 5 0 1510 15 0 1 140 0 0 0 25 0 0 0 1
1623835729 20282 2447 1338 3586 116 9094 1683 714 441 0 41 74 49 0 115 2629 199 0 129 141 2 0 0 5 0 1510 15 0 1 140 0 0 0 25 0 0 0 1
1623859757 20313 2447 1338 3586 116 9094 1683 714 441 0 41 74 49 0 115 2629 199 0 129 141 2 0 0 5 0 1510 15 0 1 140 0 0 0 25 0 0 0 1
1623881228 20313 2447 1338 3586 116 9094 1683 714 441 0 41 74 49 0 115 2734 199 0 129 141 2 0 0 5 0 1510 15 0 1 140 0 0 0 25 0 0 0 1
1624053289 21005 2447 1338 3586 116 9094 1683 714 441 0 41 74 49 0 115 2734 199 0 129 141 2 0 0 5 0 1510 15 0 1 140 0 0 0 25 0 0 0 1
1624536046 21005 2447 1338 3586 116 9094 1683 714 441 0 41 74 49 131 115 2734 199 0 129 141 2 0 0 5 0 1510 15 0 1 140 0 0 0 25 0 0 0 1
1624639326 21212 2447 1338 3586 116 9094 1683 714 441 0 41 74 49 131 115 2734 199 0 129 141 2 0 0 5 0 1510 15 0 1 140 0 0 0 25 0 0 0 1
1624650227 21212 2447 1338 3586 116 9094 1683 714 441 0 41 74 49 131 115 2734 199 0 129 141 2 142 0 5 0 1510 15 0 1 140 0 0 0 25 0 0 0 1
1624656793 21212 2447 1338 3586 116 9094 1683 714 441 0 156 74 49 131 115 2734 199 0 129 141 2 142 0 5 0 1510 15 0 1 140 0 0 0 25 0 0 0 1
1624795543 21212 2447 1363 3586 116 9094 1683 714 441 0 156 74 49 131 115 2734 199 0 129 141 2 142 0 5 0 1510 15 0 1 140 0 0 0 25 0 0 0 1
1624922165 21212 2447 1363 3586 116 9094 1683 714 441 219 156 74 49 131 115 2734 199 0 129 141 2 142 0 5 0 1510 15 0 1 140 0 0 0 25 0 0 0 1
1624997445 21212 2447 1363 3586 116 9094 1683 714 441 219 156 74 49 131 115 2734 199 0 129 141 2 142 0 5 64 1510 15 0 1 140 0 0 0 25 0 0 0 1
1624999325 21212 2447 1363 3586 116 9094 1683 714 441 226 156 74 49 131 115 2734 199 0 129 141 2 142 0 5 64 1510 15 0 1 140 0 0 0 25 0 0 0 1
1625006101 21215 2447 1363 3586 116 9094 1683 714 441 226 156 74 49 131 115 2734 199 0 129 141 2 142 0 5 64 1510 15 0 1 140 0 0 0 25 0 0 0 1
1625064653 21215 2447 1363 3586 116 9094 1683 714 441 226 156 74 49 131 115 2734 199 0 129 141 2 142 0 8 64 1510 15 0 1 140 0 0 0 25 0 0 0 1
1625076362 21215 2447 1363 3586 116 9095 1683 714 441 226 156 74 49 131 115 2734 199 0 129 141 2 142 0 8 64 1510 15 0 1 140 0 0 0 25 0 0 0 1
1625327651 21277 2447 1363 3586 116 9095 1683 714 441 226 156 74 49 131 115 2734 199 0 129 141 2 142 0 8 64 1510 15 0 1 140 0 0 0 25 0 0 0 1
1625409054 21277 2447 1363 3586 116 9095 1683 714 441 226 156 74 49 131 115 2734 199 0 129 141 2 142 0 8 64 1510 15 0 1 140 0 1 0 25 0 0 0 1
1625668932 21277 2447 1363 3586 116 9095 1683 714 441 226 156 74 49 603 115 2734 199 0 129 141 2 142 0 8 64 1510 15 0 1 140 0 1 0 25 0 0 0 1
1625676155 21277 2447 1363 3586 116 9100 1683 714 441 226 156 74 49 603 115 2734 199 0 129 141 2 142 0 8 64 1510 15 0 1 140 0 1 0 25 0 0 0 1
1625779366 21278 2447 1363 3586 116 9100 1683 714 441 226 156 74 49 603 115 2734 199 0 129 141 2 142 0 8 64 1510 15 0 1 140 0 1 0 25 0 0 0 1
1626124407 21280 2447 1363 3586 116 9100 1683 714 441 226 156 74 49 603 115 2734 199 0 129 141 2 142 0 8 64 1510 15 0 1 140 0 1 0 25 0 0 0 1
1626132122 21282 2447 1363 3586 116 9100 1683 714 441 226 156 74 49 603 115 2734 199 0 129 141 2 142 0 8 64 1510 15 0 1 140 0 1 0 25 0 0 0 1
1626180087 21282 2447 1363 3586 116 9100 1683 714 441 238 156 74 49 603 115 2734 199 0 129 141 2 142 0 8 64 1510 15 0 1 140 0 1 0 25 0 0 0 1
1626255029 21282 2447 1363 3586 116 9100 1683 714 441 238 156 74 49 603 115 2734 199 0 129 141 2 142 0 8 64 1511 15 0 1 140 0 1 0 25 0 0 0 1
1626270834 21291 2447 1363 3586 116 9100 1683 714 441 238 156 74 49 603 115 2734 199 0 129 141 2 142 0 8 64 1511 15 0 1 140 0 1 0 25 0 0 0 1
1626280490 21318 2447 1363 3586 116 9100 1683 714 441 238 156 74 49 603 115 2734 199 0 129 141 2 142 0 8 64 1511 15 0 1 140 0 1 0 25 0 0 0 1
1626285357 21318 2447 1363 3586 116 9100 1683 714 441 238 156 74 49 603 115 2734 199 0 129 141 2 142 0 8 278 1511 15 0 1 140 0 1 0 25 0 0 0 1
1626297558 21329 2447 1363 3586 116 9100 1683 714 441 238 156 74 49 603 115 2734 199 0 129 141 2 142 0 8 278 1511 15 0 1 140 0 1 0 25 0 0 0 1
1626333460 21329 2447 1363 3586 116 9100 1683 714 441 238 156 74 49 603 115 2734 199 0 129 141 2 249 0 8 278 1511 15 0 1 140 0 1 0 25 0 0 0 1
1626370357 21329 2447 1363 3586 116 9100 1683 714 441 239 156 74 49 603 115 2734 199 0 129 141 2 249 0 8 278 1511 15 0 1 140 0 1 0 25 0 0 0 1
1626705556 21354 2447 1363 3586 116 9100 1683 714 441 239 156 74 49 603 115 2734 199 0 129 141 2 249 0 8 278 1511 15 0 1 140 0 1 0 25 0 0 0 1
1626836530 21354 2447 1363 3586 116 9100 1683 714 441 248 156 74 49 603 115 2734 199 0 129 141 2 249 0 8 278 1511 15 0 1 140 0 1 0 25 0 0 0 1
1626955826 21354 2447 1363 3586 116 9100 1683 714 441 248 156 74 49 885 115 2734 199 0 129 141 2 249 0 8 278 1511 15 0 1 140 0 1 0 25 0 0 0 1
1626969817 21360 2447 1363 3586 116 9100 1683 714 441 248 156 74 49 885 115 2734 199 0 129 141 2 249 0 8 278 1511 15 0 1 140 0 1 0 25 0 0 0 1
1627531696 21360 2447 1363 3586 116 9100 1683 714 441 248 156 74 49 885 115 2734 199 0 129 141 2 249 0 8 278 1511 15 1 1 140 0 1 0 25 0 0 0 1
1628002802 21360 2447 1363 3586 116 9100 1683 714 441 248 158 74 49 885 115 2734 199 0 129 141 2 249 0 8 278 1511 15 1 1 140 0 1 0 25 0 0 0 1
1628023263 21360 2447 1363 3586 116 9100 1683 714 441 248 158 74 49 885 115 2734 199 0 129 141 2 249 1 8 278 1511 15 1 1 140 0 1 0 25 0 0 0 1
1628685956 21360 2447 1363 3586 116 9100 1683 714 441 248 158 74 49 885 115 2734 199 0 129 141 2 249 1 8 278 1511 15 1 1 140 0 1 425 25 0 0 0 1
1628801243 21360 2447 1363 3586 116 9100 1683 714 441 248 158 74 49 885 115 2734 199 0 129 141 2 249 13 8 278 1511 15 1 1 140 0 1 425 25 0 0 0 1
1629395347 21360 2447 1363 3586 116 9100 1683 714 441 251 158 74 49 885 115 2734 199 0 129 141 2 249 13 8 278 1511 15 1 1 140 0 1 425 25 0 0 0 1
1629730350 21374 2447 1363 3586 116 9100 1683 714 441 251 158 74 49 885 115 2734 199 0 129 141 2 249 13 8 278 1511 15 1 1 140 0 1 425 25 0 0 0 1
1629749095 21381 2447 1363 3586 116 9100 1683 714 441 251 158 74 49 885 115 2734 199 0 129 141 2 249 13 8 278 1511 15 1 1 140 0 1 425 25 0 0 0 1
1629757718 21381 2447 1363 3586 116 9100 1683 714 441 251 158 74 49 924 115 2734 199 0 129 141 2 249 13 8 278 1511 15 1 1 140 0 1 425 25 0 0 0 1
1629983907 21438 2447 1363 3586 116 9100 1683 714 441 251 158 74 49 924 115 2734 199 0 129 141 2 249 13 8 278 1511 15 1 1 140 0 1 425 25 0 0 0 1
1630277777 21438 2447 1363 3586 116 9100 1683 714 441 251 158 74 49 924 115 2734 199 0 129 141 2 249 13 8 278 1511 15 1 1 140 0 1 425 25 0 0 177 1
1630434898 21438 2447 1363 3586 116 9100 1683 714 441 251 158 74 49 924 115 2734 199 0 129 141 2 249 13 8 278 1511 15 1 1 140 227 1 425 25 0 0 177 1
1630572329 21438 2447 1363 3586 116 9100 1683 714 441 251 158 74 49 924 115 2734 199 0 129 141 2 249 13 8 278 1511 15 1 1 140 227 1 425 25 0 40 177 1
1631051226 21499 2447 1363 3586 116 9100 1683 714 441 251 158 74 49 924 115 2734 199 0 129 141 2 249 13 8 278 1511 15 1 1 140 227 1 425 25 0 40 177 1
