1614438631 332
1614458421 10833
1614463594 13474
1614465534 13658
1614466179 13657
1614468757 13616
1615308773 13629
1615438445 15440
1615498334 16532
1615645840 16532
1615817263 12970
1616079505 12970
1616167682 13167
1616250531 13168
1616332802 14677
1616508903 14671
1616596410 14672
1616622395 14973
1616706390 14738
1617002437 14728
1617125381 15668
1617142024 18384
1617170825 18384
1617190749 18388
1617218365 18388
1617239805 16336
1617245011 16338
1617255124 16321
1617257877 16341
1617272920 16352
1617318053 16352
1617389398 16787
1617795004 22481
1617992966 22498
1618248966 22504
1618496056 22506
1618502846 22506
1618845355 22522
1618863207 22540
1619026161 22533
1619041515 22533
1619361500 22533
1619459416 22538
1619540790 22540
1619551851 22557
1619825359 22713
1620233618 22683
1620236736 22699
1620244018 23578
1620324520 23292
1620412579 23318
1620414870 23317
1620658042 23317
1620749410 23348
1620822837 23370
1620898589 23370
1620979220 23488
1621449347 23583
1621528402 24075
1621962549 24376
1622125124 24408
1622570496 24446
1622640515 24478
1622671081 24478
1622734668 24493
1622737756 24493
1622802452 24530
1622823595 24530
1623367044 24611
1623403061 24629
1623667458 24629
1623835729 24776
1623859757 24807
1623881228 24870
1624053289 25528
1624536046 25649
1624639326 25832
1624650227 25909
1624656793 26019
1624795543 26031
1624922165 26248
1624997445 26293
1624999325 26293
1625006101 26295
1625064653 26295
1625076362 26295
1625327651 26344
1625409054 26344
1625668932 26590
1625676155 26590
1625779366 26590
1626124407 26591
1626132122 26591
1626180087 26600
1626255029 26600
1626270834 26587
1626280490 26614
1626285357 26775
1626297558 26759
1626333460 26865
1626370357 26865
1626705556 26889
1626836530 26898
1626955826 27178
1626969817 27179
1627531696 27179
1628002802 27180
1628023263 27180
1628685956 27449
