1570469394 1 0 0 0 0 0 0 0 0 0 0 0 0 0 0 0 0 0 0 0 0 0 0 0 0 0 0 0 0 0 0 0 0 0 0 0 0 0 0 0 0 0 0 0
1570633297 2 0 0 0 0 0 0 0 0 0 0 0 0 0 0 0 0 0 0 0 0 0 0 0 0 0 0 0 0 0 0 0 0 0 0 0 0 0 0 0 0 0 0 0
1571432066 3 0 0 0 0 0 0 0 0 0 0 0 0 0 0 0 0 0 0 0 0 0 0 0 0 0 0 0 0 0 0 0 0 0 0 0 0 0 0 0 0 0 0 0
1571434539 4 0 0 0 0 0 0 0 0 0 0 0 0 0 0 0 0 0 0 0 0 0 0 0 0 0 0 0 0 0 0 0 0 0 0 0 0 0 0 0 0 0 0 0
1573848062 5 0 0 0 0 0 0 0 0 0 0 0 0 0 0 0 0 0 0 0 0 0 0 0 0 0 0 0 0 0 0 0 0 0 0 0 0 0 0 0 0 0 0 0
1573853119 6 0 0 0 0 0 0 0 0 0 0 0 0 0 0 0 0 0 0 0 0 0 0 0 0 0 0 0 0 0 0 0 0 0 0 0 0 0 0 0 0 0 0 0
1573858452 7 0 0 0 0 0 0 0 0 0 0 0 0 0 0 0 0 0 0 0 0 0 0 0 0 0 0 0 0 0 0 0 0 0 0 0 0 0 0 0 0 0 0 0
1574177522 8 0 0 0 0 0 0 0 0 0 0 0 0 0 0 0 0 0 0 0 0 0 0 0 0 0 0 0 0 0 0 0 0 0 0 0 0 0 0 0 0 0 0 0
1574179937 9 0 0 0 0 0 0 0 0 0 0 0 0 0 0 0 0 0 0 0 0 0 0 0 0 0 0 0 0 0 0 0 0 0 0 0 0 0 0 0 0 0 0 0
1574181546 10 0 0 0 0 0 0 0 0 0 0 0 0 0 0 0 0 0 0 0 0 0 0 0 0 0 0 0 0 0 0 0 0 0 0 0 0 0 0 0 0 0 0 0
1574870726 10 0 0 0 0 0 0 1 0 0 0 0 0 0 0 0 0 0 0 0 0 0 0 0 0 0 0 0 0 0 0 0 0 0 0 0 0 0 0 0 0 0 0 0
1574904558 10 0 0 0 0 0 0 2 0 0 0 0 0 0 0 0 0 0 0 0 0 0 0 0 0 0 0 0 0 0 0 0 0 0 0 0 0 0 0 0 0 0 0 0
1576619305 11 0 0 0 0 0 0 2 0 0 0 0 0 0 0 0 0 0 0 0 0 0 0 0 0 0 0 0 0 0 0 0 0 0 0 0 0 0 0 0 0 0 0 0
1576878177 12 0 0 0 0 0 0 2 0 0 0 0 0 0 0 0 0 0 0 0 0 0 0 0 0 0 0 0 0 0 0 0 0 0 0 0 0 0 0 0 0 0 0 0
1576943372 13 0 0 0 0 0 0 2 0 0 0 0 0 0 0 0 0 0 0 0 0 0 0 0 0 0 0 0 0 0 0 0 0 0 0 0 0 0 0 0 0 0 0 0
1578590851 14 0 0 0 0 0 0 2 0 0 0 0 0 0 0 0 0 0 0 0 0 0 0 0 0 0 0 0 0 0 0 0 0 0 0 0 0 0 0 0 0 0 0 0
1578604569 15 0 0 0 0 0 0 2 0 0 0 0 0 0 0 0 0 0 0 0 0 0 0 0 0 0 0 0 0 0 0 0 0 0 0 0 0 0 0 0 0 0 0 0
1579196827 16 0 0 0 0 0 0 2 0 0 0 0 0 0 0 0 0 0 0 0 0 0 0 0 0 0 0 0 0 0 0 0 0 0 0 0 0 0 0 0 0 0 0 0
1579213485 17 0 0 0 0 0 0 2 0 0 0 0 0 0 0 0 0 0 0 0 0 0 0 0 0 0 0 0 0 0 0 0 0 0 0 0 0 0 0 0 0 0 0 0
1579280391 17 0 0 0 0 0 0 3 0 0 0 0 0 0 0 0 0 0 0 0 0 0 0 0 0 0 0 0 0 0 0 0 0 0 0 0 0 0 0 0 0 0 0 0
1579282813 17 0 0 0 0 1 0 3 0 0 0 0 0 0 0 0 0 0 0 0 0 0 0 0 0 0 0 0 0 0 0 0 0 0 0 0 0 0 0 0 0 0 0 0
1579296500 17 0 0 0 0 1 0 4 0 0 0 0 0 0 0 0 0 0 0 0 0 0 0 0 0 0 0 0 0 0 0 0 0 0 0 0 0 0 0 0 0 0 0 0
1579298281 17 0 0 0 0 1 0 5 0 0 0 0 0 0 0 0 0 0 0 0 0 0 0 0 0 0 0 0 0 0 0 0 0 0 0 0 0 0 0 0 0 0 0 0
1579300686 17 0 0 0 0 2 0 5 0 0 0 0 0 0 0 0 0 0 0 0 0 0 0 0 0 0 0 0 0 0 0 0 0 0 0 0 0 0 0 0 0 0 0 0
1579979398 17 0 0 0 0 2 0 6 0 0 0 0 0 0 0 0 0 0 0 0 0 0 0 0 0 0 0 0 0 0 0 0 0 0 0 0 0 0 0 0 0 0 0 0
1580145500 18 0 0 0 0 2 0 6 0 0 0 0 0 0 0 0 0 0 0 0 0 0 0 0 0 0 0 0 0 0 0 0 0 0 0 0 0 0 0 0 0 0 0 0
1580147884 19 0 0 0 0 2 0 6 0 0 0 0 0 0 0 0 0 0 0 0 0 0 0 0 0 0 0 0 0 0 0 0 0 0 0 0 0 0 0 0 0 0 0 0
1580162340 19 0 0 0 0 2 0 7 0 0 0 0 0 0 0 0 0 0 0 0 0 0 0 0 0 0 0 0 0 0 0 0 0 0 0 0 0 0 0 0 0 0 0 0
1580171587 19 0 0 0 0 2 0 8 0 0 0 0 0 0 0 0 0 0 0 0 0 0 0 0 0 0 0 0 0 0 0 0 0 0 0 0 0 0 0 0 0 0 0 0
1580178388 20 0 0 0 0 2 0 8 0 0 0 0 0 0 0 0 0 0 0 0 0 0 0 0 0 0 0 0 0 0 0 0 0 0 0 0 0 0 0 0 0 0 0 0
1580423590 21 0 0 0 0 2 0 8 0 0 0 0 0 0 0 0 0 0 0 0 0 0 0 0 0 0 0 0 0 0 0 0 0 0 0 0 0 0 0 0 0 0 0 0
1580426368 22 0 0 0 0 2 0 8 0 0 0 0 0 0 0 0 0 0 0 0 0 0 0 0 0 0 0 0 0 0 0 0 0 0 0 0 0 0 0 0 0 0 0 0
1580481463 23 0 0 0 0 2 0 8 0 0 0 0 0 0 0 0 0 0 0 0 0 0 0 0 0 0 0 0 0 0 0 0 0 0 0 0 0 0 0 0 0 0 0 0
1581703196 23 0 0 0 0 2 0 8 0 0 0 0 0 0 0 0 0 0 0 0 0 0 0 0 0 0 0 0 0 0 0 0 0 0 0 0 0 0 0 0 1 0 0 0
1581707249 23 0 0 0 0 3 0 8 0 0 0 0 0 0 0 0 0 0 0 0 0 0 0 0 0 0 0 0 0 0 0 0 0 0 0 0 0 0 0 0 1 0 0 0
1581710320 24 0 0 0 0 3 0 8 0 0 0 0 0 0 0 0 0 0 0 0 0 0 0 0 0 0 0 0 0 0 0 0 0 0 0 0 0 0 0 0 1 0 0 0
1581714240 25 0 0 0 0 3 0 8 0 0 0 0 0 0 0 0 0 0 0 0 0 0 0 0 0 0 0 0 0 0 0 0 0 0 0 0 0 0 0 0 1 0 0 0
1582585297 26 0 0 0 0 3 0 8 0 0 0 0 0 0 0 0 0 0 0 0 0 0 0 0 0 0 0 0 0 0 0 0 0 0 0 0 0 0 0 0 1 0 0 0
1582723206 26 0 0 0 0 4 0 8 0 0 0 0 0 0 0 0 0 0 0 0 0 0 0 0 0 0 0 0 0 0 0 0 0 0 0 0 0 0 0 0 1 0 0 0
1582933000 27 0 0 0 0 4 0 8 0 0 0 0 0 0 0 0 0 0 0 0 0 0 0 0 0 0 0 0 0 0 0 0 0 0 0 0 0 0 0 0 1 0 0 0
1583780688 28 0 0 0 0 4 0 8 0 0 0 0 0 0 0 0 0 0 0 0 0 0 0 0 0 0 0 0 0 0 0 0 0 0 0 0 0 0 0 0 1 0 0 0
1583787570 29 0 0 0 0 4 0 8 0 0 0 0 0 0 0 0 0 0 0 0 0 0 0 0 0 0 0 0 0 0 0 0 0 0 0 0 0 0 0 0 1 0 0 0
1583862965 30 0 0 0 0 4 0 8 0 0 0 0 0 0 0 0 0 0 0 0 0 0 0 0 0 0 0 0 0 0 0 0 0 0 0 0 0 0 0 0 1 0 0 0
1583869931 31 0 0 0 0 4 0 8 0 0 0 0 0 0 0 0 0 0 0 0 0 0 0 0 0 0 0 0 0 0 0 0 0 0 0 0 0 0 0 0 1 0 0 0
1583874557 32 0 0 0 0 4 0 8 0 0 0 0 0 0 0 0 0 0 0 0 0 0 0 0 0 0 0 0 0 0 0 0 0 0 0 0 0 0 0 0 1 0 0 0
1585691678 32 0 0 0 0 4 0 8 0 0 0 0 0 0 0 0 0 0 0 0 0 0 0 0 0 1 0 0 0 0 0 0 0 0 0 0 0 0 0 0 1 0 0 0
1586199268 32 0 1 0 0 4 0 8 0 0 0 0 0 0 0 0 0 0 0 0 0 0 0 0 0 1 0 0 0 0 0 0 0 0 0 0 0 0 0 0 1 0 0 0
1588013621 32 0 1 0 0 4 1 8 0 0 0 0 0 0 0 0 0 0 0 0 0 0 0 0 0 1 0 0 0 0 0 0 0 0 0 0 0 0 0 0 1 0 0 0
1588024484 32 0 1 0 0 4 1 8 0 0 0 0 0 0 0 0 1 0 0 0 0 0 0 0 0 1 0 0 0 0 0 0 0 0 0 0 0 0 0 0 1 0 0 0
1588068994 32 1 1 0 0 4 1 8 0 0 0 0 0 0 0 0 1 0 0 0 0 0 0 0 0 1 0 0 0 0 0 0 0 0 0 0 0 0 0 0 1 0 0 0
1588221673 32 1 1 0 0 5 1 8 0 0 0 0 0 0 0 0 1 0 0 0 0 0 0 0 0 1 0 0 0 0 0 0 0 0 0 0 0 0 0 0 1 0 0 0
1588252406 32 1 2 0 0 5 1 8 0 0 0 0 0 0 0 0 1 0 0 0 0 0 0 0 0 1 0 0 0 0 0 0 0 0 0 0 0 0 0 0 1 0 0 0
1588261339 32 1 2 0 0 5 1 8 0 0 0 0 0 0 0 0 2 0 0 0 0 0 0 0 0 1 0 0 0 0 0 0 0 0 0 0 0 0 0 0 1 0 0 0
1588271709 32 1 2 1 0 5 1 8 0 0 0 0 0 0 0 0 2 0 0 0 0 0 0 0 0 1 0 0 0 0 0 0 0 0 0 0 0 0 0 0 1 0 0 0
1588275259 32 1 2 2 0 5 1 8 0 0 0 0 0 0 0 0 2 0 0 0 0 0 0 0 0 1 0 0 0 0 0 0 0 0 0 0 0 0 0 0 1 0 0 0
1588288287 32 1 2 2 0 6 1 8 0 0 0 0 0 0 0 0 2 0 0 0 0 0 0 0 0 1 0 0 0 0 0 0 0 0 0 0 0 0 0 0 1 0 0 0
1588888976 32 1 2 3 0 6 1 8 0 0 0 0 0 0 0 0 2 0 0 0 0 0 0 0 0 1 0 0 0 0 0 0 0 0 0 0 0 0 0 0 1 0 0 0
1588891720 32 1 2 4 0 6 1 8 0 0 0 0 0 0 0 0 2 0 0 0 0 0 0 0 0 1 0 0 0 0 0 0 0 0 0 0 0 0 0 0 1 0 0 0
1588966839 32 1 2 4 0 6 2 8 0 0 0 0 0 0 0 0 2 0 0 0 0 0 0 0 0 1 0 0 0 0 0 0 0 0 0 0 0 0 0 0 1 0 0 0
1589211087 32 1 2 4 0 6 3 8 0 0 0 0 0 0 0 0 2 0 0 0 0 0 0 0 0 1 0 0 0 0 0 0 0 0 0 0 0 0 0 0 1 0 0 0
1589213370 32 1 2 4 0 6 3 8 1 0 0 0 0 0 0 0 2 0 0 0 0 0 0 0 0 1 0 0 0 0 0 0 0 0 0 0 0 0 0 0 1 0 0 0
1589220006 32 1 2 5 0 6 3 8 1 0 0 0 0 0 0 0 2 0 0 0 0 0 0 0 0 1 0 0 0 0 0 0 0 0 0 0 0 0 0 0 1 0 0 0
1589236234 32 1 3 5 0 6 3 8 1 0 0 0 0 0 0 0 2 0 0 0 0 0 0 0 0 1 0 0 0 0 0 0 0 0 0 0 0 0 0 0 1 0 0 0
1589284500 32 1 4 5 0 6 3 8 1 0 0 0 0 0 0 0 2 0 0 0 0 0 0 0 0 1 0 0 0 0 0 0 0 0 0 0 0 0 0 0 1 0 0 0
1589323961 33 1 4 5 0 6 3 8 1 0 0 0 0 0 0 0 2 0 0 0 0 0 0 0 0 1 0 0 0 0 0 0 0 0 0 0 0 0 0 0 1 0 0 0
1589455074 33 1 4 5 0 6 4 8 1 0 0 0 0 0 0 0 2 0 0 0 0 0 0 0 0 1 0 0 0 0 0 0 0 0 0 0 0 0 0 0 1 0 0 0
1589555466 33 1 4 6 0 6 4 8 1 0 0 0 0 0 0 0 2 0 0 0 0 0 0 0 0 1 0 0 0 0 0 0 0 0 0 0 0 0 0 0 1 0 0 0
1589570489 33 1 4 6 0 7 4 8 1 0 0 0 0 0 0 0 2 0 0 0 0 0 0 0 0 1 0 0 0 0 0 0 0 0 0 0 0 0 0 0 1 0 0 0
1589671838 33 1 4 6 0 7 4 8 1 0 0 0 0 0 0 0 2 1 0 0 0 0 0 0 0 1 0 0 0 0 0 0 0 0 0 0 0 0 0 0 1 0 0 0
1589806205 33 1 4 6 0 7 4 8 1 0 0 0 0 0 0 0 2 2 0 0 0 0 0 0 0 1 0 0 0 0 0 0 0 0 0 0 0 0 0 0 1 0 0 0
1589815286 34 1 4 6 0 7 4 8 1 0 0 0 0 0 0 0 2 2 0 0 0 0 0 0 0 1 0 0 0 0 0 0 0 0 0 0 0 0 0 0 1 0 0 0
1589906017 34 1 4 6 0 7 5 8 1 0 0 0 0 0 0 0 2 2 0 0 0 0 0 0 0 1 0 0 0 0 0 0 0 0 0 0 0 0 0 0 1 0 0 0
1590062943 34 2 4 6 0 7 5 8 1 0 0 0 0 0 0 0 2 2 0 0 0 0 0 0 0 1 0 0 0 0 0 0 0 0 0 0 0 0 0 0 1 0 0 0
1590080717 35 2 4 6 0 7 5 8 1 0 0 0 0 0 0 0 2 2 0 0 0 0 0 0 0 1 0 0 0 0 0 0 0 0 0 0 0 0 0 0 1 0 0 0
1591193458 36 2 4 6 0 7 5 8 1 0 0 0 0 0 0 0 2 2 0 0 0 0 0 0 0 1 0 0 0 0 0 0 0 0 0 0 0 0 0 0 1 0 0 0
1591360593 36 2 4 6 0 8 5 8 1 0 0 0 0 0 0 0 2 2 0 0 0 0 0 0 0 1 0 0 0 0 0 0 0 0 0 0 0 0 0 0 1 0 0 0
1592319513 36 2 4 7 0 8 5 8 1 0 0 0 0 0 0 0 2 2 0 0 0 0 0 0 0 1 0 0 0 0 0 0 0 0 0 0 0 0 0 0 1 0 0 0
1592397178 36 2 4 7 0 8 5 8 1 0 0 0 0 0 0 0 2 2 0 0 1 0 0 0 0 1 0 0 0 0 0 0 0 0 0 0 0 0 0 0 1 0 0 0
1592500515 36 2 4 8 0 8 5 8 1 0 0 0 0 0 0 0 2 2 0 0 1 0 0 0 0 1 0 0 0 0 0 0 0 0 0 0 0 0 0 0 1 0 0 0
1592546791 36 2 4 8 0 8 5 8 1 0 0 0 0 1 0 0 2 2 0 0 1 0 0 0 0 1 0 0 0 0 0 0 0 0 0 0 0 0 0 0 1 0 0 0
1592549475 36 2 4 9 0 8 5 8 1 0 0 0 0 1 0 0 2 2 0 0 1 0 0 0 0 1 0 0 0 0 0 0 0 0 0 0 0 0 0 0 1 0 0 0
1592562030 36 2 4 9 0 8 5 8 2 0 0 0 0 1 0 0 2 2 0 0 1 0 0 0 0 1 0 0 0 0 0 0 0 0 0 0 0 0 0 0 1 0 0 0
1592566226 36 2 4 9 0 8 5 8 2 0 0 0 0 1 0 0 2 2 0 0 1 0 0 1 0 1 0 0 0 0 0 0 0 0 0 0 0 0 0 0 1 0 0 0
1592575202 36 2 4 10 0 8 5 8 2 0 0 0 0 1 0 0 2 2 0 0 1 0 0 1 0 1 0 0 0 0 0 0 0 0 0 0 0 0 0 0 1 0 0 0
1592575244 36 2 4 11 0 8 5 8 2 0 0 0 0 1 0 0 2 2 0 0 1 0 0 1 0 1 0 0 0 0 0 0 0 0 0 0 0 0 0 0 1 0 0 0
1592911113 36 2 4 11 0 8 5 8 3 0 0 0 0 1 0 0 2 2 0 0 1 0 0 1 0 1 0 0 0 0 0 0 0 0 0 0 0 0 0 0 1 0 0 0
1593616012 37 2 4 11 0 8 5 8 3 0 0 0 0 1 0 0 2 2 0 0 1 0 0 1 0 1 0 0 0 0 0 0 0 0 0 0 0 0 0 0 1 0 0 0
1594021358 37 2 4 12 0 8 5 8 3 0 0 0 0 1 0 0 2 2 0 0 1 0 0 1 0 1 0 0 0 0 0 0 0 0 0 0 0 0 0 0 1 0 0 0
1594124870 37 2 4 12 0 8 5 8 3 0 0 0 0 1 0 0 2 2 0 0 1 0 0 1 0 1 0 0 0 0 0 0 0 0 0 0 0 0 0 1 1 0 0 0
1594155834 37 2 4 12 1 8 5 8 3 0 0 0 0 1 0 0 2 2 0 0 1 0 0 1 0 1 0 0 0 0 0 0 0 0 0 0 0 0 0 1 1 0 0 0
1594310049 37 2 5 12 1 8 5 8 3 0 0 0 0 1 0 0 2 2 0 0 1 0 0 1 0 1 0 0 0 0 0 0 0 0 0 0 0 0 0 1 1 0 0 0
1594408751 37 2 5 12 1 8 5 8 4 0 0 0 0 1 0 0 2 2 0 0 1 0 0 1 0 1 0 0 0 0 0 0 0 0 0 0 0 0 0 1 1 0 0 0
1594409552 37 2 5 12 1 8 5 8 5 0 0 0 0 1 0 0 2 2 0 0 1 0 0 1 0 1 0 0 0 0 0 0 0 0 0 0 0 0 0 1 1 0 0 0
1594940534 37 2 5 12 1 9 5 8 5 0 0 0 0 1 0 0 2 2 0 0 1 0 0 1 0 1 0 0 0 0 0 0 0 0 0 0 0 0 0 1 1 0 0 0
1595344231 37 2 5 12 1 9 6 8 5 0 0 0 0 1 0 0 2 2 0 0 1 0 0 1 0 1 0 0 0 0 0 0 0 0 0 0 0 0 0 1 1 0 0 0
1595345470 37 2 5 12 1 9 7 8 5 0 0 0 0 1 0 0 2 2 0 0 1 0 0 1 0 1 0 0 0 0 0 0 0 0 0 0 0 0 0 1 1 0 0 0
1595579113 37 2 5 12 2 9 7 8 5 0 0 0 0 1 0 0 2 2 0 0 1 0 0 1 0 1 0 0 0 0 0 0 0 0 0 0 0 0 0 1 1 0 0 0
1595598137 37 2 5 12 2 9 8 8 5 0 0 0 0 1 0 0 2 2 0 0 1 0 0 1 0 1 0 0 0 0 0 0 0 0 0 0 0 0 0 1 1 0 0 0
1595599056 37 2 5 12 2 9 8 8 5 0 0 0 0 2 0 0 2 2 0 0 1 0 0 1 0 1 0 0 0 0 0 0 0 0 0 0 0 0 0 1 1 0 0 0
1595599585 37 2 5 12 2 9 9 8 5 0 0 0 0 2 0 0 2 2 0 0 1 0 0 1 0 1 0 0 0 0 0 0 0 0 0 0 0 0 0 1 1 0 0 0
1595860206 37 2 5 12 2 9 9 8 6 0 0 0 0 2 0 0 2 2 0 0 1 0 0 1 0 1 0 0 0 0 0 0 0 0 0 0 0 0 0 1 1 0 0 0
1596302888 38 2 5 12 2 9 9 8 6 0 0 0 0 2 0 0 2 2 0 0 1 0 0 1 0 1 0 0 0 0 0 0 0 0 0 0 0 0 0 1 1 0 0 0
1596479334 38 2 6 12 2 9 9 8 6 0 0 0 0 2 0 0 2 2 0 0 1 0 0 1 0 1 0 0 0 0 0 0 0 0 0 0 0 0 0 1 1 0 0 0
1596538220 38 3 6 12 2 9 9 8 6 0 0 0 0 2 0 0 2 2 0 0 1 0 0 1 0 1 0 0 0 0 0 0 0 0 0 0 0 0 0 1 1 0 0 0
1596543439 38 3 6 13 2 9 9 8 6 0 0 0 0 2 0 0 2 2 0 0 1 0 0 1 0 1 0 0 0 0 0 0 0 0 0 0 0 0 0 1 1 0 0 0
1596640424 38 4 6 13 2 9 9 8 6 0 0 0 0 2 0 0 2 2 0 0 1 0 0 1 0 1 0 0 0 0 0 0 0 0 0 0 0 0 0 1 1 0 0 0
1596830985 38 4 6 13 2 9 9 8 6 1 0 0 0 2 0 0 2 2 0 0 1 0 0 1 0 1 0 0 0 0 0 0 0 0 0 0 0 0 0 1 1 0 0 0
1597251722 39 4 6 13 2 9 9 8 6 1 0 0 0 2 0 0 2 2 0 0 1 0 0 1 0 1 0 0 0 0 0 0 0 0 0 0 0 0 0 1 1 0 0 0
1597310433 39 4 6 13 3 9 9 8 6 1 0 0 0 2 0 0 2 2 0 0 1 0 0 1 0 1 0 0 0 0 0 0 0 0 0 0 0 0 0 1 1 0 0 0
1597324856 39 4 7 13 3 9 9 8 6 1 0 0 0 2 0 0 2 2 0 0 1 0 0 1 0 1 0 0 0 0 0 0 0 0 0 0 0 0 0 1 1 0 0 0
1597676150 39 5 7 13 3 9 9 8 6 1 0 0 0 2 0 0 2 2 0 0 1 0 0 1 0 1 0 0 0 0 0 0 0 0 0 0 0 0 0 1 1 0 0 0
1597680198 39 5 7 13 4 9 9 8 6 1 0 0 0 2 0 0 2 2 0 0 1 0 0 1 0 1 0 0 0 0 0 0 0 0 0 0 0 0 0 1 1 0 0 0
1597791040 39 5 7 13 5 9 9 8 6 1 0 0 0 2 0 0 2 2 0 0 1 0 0 1 0 1 0 0 0 0 0 0 0 0 0 0 0 0 0 1 1 0 0 0
1597885314 39 6 7 13 5 9 9 8 6 1 0 0 0 2 0 0 2 2 0 0 1 0 0 1 0 1 0 0 0 0 0 0 0 0 0 0 0 0 0 1 1 0 0 0
1598013500 40 6 7 13 5 9 9 8 6 1 0 0 0 2 0 0 2 2 0 0 1 0 0 1 0 1 0 0 0 0 0 0 0 0 0 0 0 0 0 1 1 0 0 0
1598015398 40 7 7 13 5 9 9 8 6 1 0 0 0 2 0 0 2 2 0 0 1 0 0 1 0 1 0 0 0 0 0 0 0 0 0 0 0 0 0 1 1 0 0 0
1599080976 41 7 7 13 5 9 9 8 6 1 0 0 0 2 0 0 2 2 0 0 1 0 0 1 0 1 0 0 0 0 0 0 0 0 0 0 0 0 0 1 1 0 0 0
1599475427 41 7 8 13 5 9 9 8 6 1 0 0 0 2 0 0 2 2 0 0 1 0 0 1 0 1 0 0 0 0 0 0 0 0 0 0 0 0 0 1 1 0 0 0
1599810463 41 7 8 13 5 9 9 8 6 1 0 0 0 2 0 0 2 2 0 0 1 0 0 1 0 1 0 0 0 0 0 0 0 0 1 0 0 0 0 1 1 0 0 0
1599857917 42 7 8 13 5 9 9 8 6 1 0 0 0 2 0 0 2 2 0 0 1 0 0 1 0 1 0 0 0 0 0 0 0 0 1 0 0 0 0 1 1 0 0 0
1599928425 42 7 9 13 5 9 9 8 6 1 0 0 0 2 0 0 2 2 0 0 1 0 0 1 0 1 0 0 0 0 0 0 0 0 1 0 0 0 0 1 1 0 0 0
1600428047 42 8 9 13 5 9 9 8 6 1 0 0 0 2 0 0 2 2 0 0 1 0 0 1 0 1 0 0 0 0 0 0 0 0 1 0 0 0 0 1 1 0 0 0
1600466085 42 8 9 13 5 9 9 8 6 2 0 0 0 2 0 0 2 2 0 0 1 0 0 1 0 1 0 0 0 0 0 0 0 0 1 0 0 0 0 1 1 0 0 0
1600704939 42 8 9 13 5 9 9 8 6 2 0 0 0 2 0 0 2 2 0 0 1 0 0 1 0 1 0 0 0 0 0 0 0 0 1 0 0 0 0 1 1 0 1 0
1600707221 42 8 9 13 5 9 9 8 6 2 0 0 0 2 0 0 2 2 1 0 1 0 0 1 0 1 0 0 0 0 0 0 0 0 1 0 0 0 0 1 1 0 1 0
1600714779 42 8 10 13 5 9 9 8 6 2 0 0 0 2 0 0 2 2 1 0 1 0 0 1 0 1 0 0 0 0 0 0 0 0 1 0 0 0 0 1 1 0 1 0
1601257641 42 8 11 13 5 9 9 8 6 2 0 0 0 2 0 0 2 2 1 0 1 0 0 1 0 1 0 0 0 0 0 0 0 0 1 0 0 0 0 1 1 0 1 0
1601340941 42 8 11 13 5 9 9 8 6 2 0 0 0 2 0 0 2 2 1 0 1 0 0 1 0 1 0 0 0 0 0 0 0 0 1 0 1 0 0 1 1 0 1 0
1601388672 42 8 12 13 5 9 9 8 6 2 0 0 0 2 0 0 2 2 1 0 1 0 0 1 0 1 0 0 0 0 0 0 0 0 1 0 1 0 0 1 1 0 1 0
1601510956 42 8 13 13 5 9 9 8 6 2 0 0 0 2 0 0 2 2 1 0 1 0 0 1 0 1 0 0 0 0 0 0 0 0 1 0 1 0 0 1 1 0 1 0
1601552810 42 8 13 13 5 9 9 8 6 2 0 0 0 2 0 0 2 2 1 0 1 0 0 1 0 1 0 0 0 0 0 0 1 0 1 0 1 0 0 1 1 0 1 0
1601655766 42 8 13 13 5 9 9 8 6 2 0 0 0 2 0 0 2 2 1 0 1 0 0 1 0 1 1 0 0 0 0 0 1 0 1 0 1 0 0 1 1 0 1 0
1601910424 42 8 14 13 5 9 9 8 6 2 0 0 0 2 0 0 2 2 1 0 1 0 0 1 0 1 1 0 0 0 0 0 1 0 1 0 1 0 0 1 1 0 1 0
1602020503 42 8 14 13 5 9 9 8 6 3 0 0 0 2 0 0 2 2 1 0 1 0 0 1 0 1 1 0 0 0 0 0 1 0 1 0 1 0 0 1 1 0 1 0
1602176940 43 8 14 13 5 9 9 8 6 3 0 0 0 2 0 0 2 2 1 0 1 0 0 1 0 1 1 0 0 0 0 0 1 0 1 0 1 0 0 1 1 0 1 0
1602261628 44 8 14 13 5 9 9 8 6 3 0 0 0 2 0 0 2 2 1 0 1 0 0 1 0 1 1 0 0 0 0 0 1 0 1 0 1 0 0 1 1 0 1 0
1602272421 44 8 15 13 5 9 9 8 6 3 0 0 0 2 0 0 2 2 1 0 1 0 0 1 0 1 1 0 0 0 0 0 1 0 1 0 1 0 0 1 1 0 1 0
1602274634 44 8 15 13 5 9 10 8 6 3 0 0 0 2 0 0 2 2 1 0 1 0 0 1 0 1 1 0 0 0 0 0 1 0 1 0 1 0 0 1 1 0 1 0
1603213250 44 8 15 13 5 9 11 8 6 3 0 0 0 2 0 0 2 2 1 0 1 0 0 1 0 1 1 0 0 0 0 0 1 0 1 0 1 0 0 1 1 0 1 0
1603292488 44 8 15 13 5 9 11 8 6 3 0 0 0 2 0 0 2 2 1 0 1 0 0 1 0 1 1 0 0 1 0 0 1 0 1 0 1 0 0 1 1 0 1 0
1603464617 44 8 15 13 5 9 11 8 6 3 0 0 0 2 0 0 2 2 1 0 1 0 0 1 0 1 1 0 0 1 1 0 1 0 1 0 1 0 0 1 1 0 1 0
1603819751 44 8 15 13 6 9 11 8 6 3 0 0 0 2 0 0 2 2 1 0 1 0 0 1 0 1 1 0 0 1 1 0 1 0 1 0 1 0 0 1 1 0 1 0
1604949609 44 8 15 13 7 9 11 8 6 3 0 0 0 2 0 0 2 2 1 0 1 0 0 1 0 1 1 0 0 1 1 0 1 0 1 0 1 0 0 1 1 0 1 0
1605107870 45 8 15 13 7 9 11 8 6 3 0 0 0 2 0 0 2 2 1 0 1 0 0 1 0 1 1 0 0 1 1 0 1 0 1 0 1 0 0 1 1 0 1 0
1605268117 46 8 15 13 7 9 11 8 6 3 0 0 0 2 0 0 2 2 1 0 1 0 0 1 0 1 1 0 0 1 1 0 1 0 1 0 1 0 0 1 1 0 1 0
1605625934 46 8 15 13 8 9 11 8 6 3 0 0 0 2 0 0 2 2 1 0 1 0 0 1 0 1 1 0 0 1 1 0 1 0 1 0 1 0 0 1 1 0 1 0
1606125932 46 8 15 14 8 9 11 8 6 3 0 0 0 2 0 0 2 2 1 0 1 0 0 1 0 1 1 0 0 1 1 0 1 0 1 0 1 0 0 1 1 0 1 0
1606315905 46 9 15 14 8 9 11 8 6 3 0 0 0 2 0 0 2 2 1 0 1 0 0 1 0 1 1 0 0 1 1 0 1 0 1 0 1 0 0 1 1 0 1 0
1606490264 46 9 15 14 9 9 11 8 6 3 0 0 0 2 0 0 2 2 1 0 1 0 0 1 0 1 1 0 0 1 1 0 1 0 1 0 1 0 0 1 1 0 1 0
1606713083 46 9 15 14 9 9 11 8 6 3 0 0 0 2 0 0 2 2 1 0 1 0 0 1 0 1 1 0 0 1 1 0 1 0 1 1 1 0 0 1 1 0 1 0
1606923713 46 9 15 14 9 9 11 8 6 3 1 0 0 2 0 0 2 2 1 0 1 0 0 1 0 1 1 0 0 1 1 0 1 0 1 1 1 0 0 1 1 0 1 0
1610426677 46 10 15 14 9 9 11 8 6 3 1 0 0 2 0 0 2 2 1 0 1 0 0 1 0 1 1 0 0 1 1 0 1 0 1 1 1 0 0 1 1 0 1 0
1610648748 47 10 15 14 9 9 11 8 6 3 1 0 0 2 0 0 2 2 1 0 1 0 0 1 0 1 1 0 0 1 1 0 1 0 1 1 1 0 0 1 1 0 1 0
1610661176 48 10 15 14 9 9 11 8 6 3 1 0 0 2 0 0 2 2 1 0 1 0 0 1 0 1 1 0 0 1 1 0 1 0 1 1 1 0 0 1 1 0 1 0
1610662715 49 10 15 14 9 9 11 8 6 3 1 0 0 2 0 0 2 2 1 0 1 0 0 1 0 1 1 0 0 1 1 0 1 0 1 1 1 0 0 1 1 0 1 0
1610668048 50 10 15 14 9 9 11 8 6 3 1 0 0 2 0 0 2 2 1 0 1 0 0 1 0 1 1 0 0 1 1 0 1 0 1 1 1 0 0 1 1 0 1 0
1611054821 50 10 15 14 9 9 11 8 6 3 1 1 0 2 0 0 2 2 1 0 1 0 0 1 0 1 1 0 0 1 1 0 1 0 1 1 1 0 0 1 1 0 1 0
1611054983 50 10 15 14 9 9 11 8 6 3 1 2 0 2 0 0 2 2 1 0 1 0 0 1 0 1 1 0 0 1 1 0 1 0 1 1 1 0 0 1 1 0 1 0
1611055028 50 10 15 14 9 9 11 8 6 3 1 3 0 2 0 0 2 2 1 0 1 0 0 1 0 1 1 0 0 1 1 0 1 0 1 1 1 0 0 1 1 0 1 0
1611091111 50 10 15 14 9 9 11 8 6 4 1 3 0 2 0 0 2 2 1 0 1 0 0 1 0 1 1 0 0 1 1 0 1 0 1 1 1 0 0 1 1 0 1 0
1611158389 50 10 15 14 10 9 11 8 6 4 1 3 0 2 0 0 2 2 1 0 1 0 0 1 0 1 1 0 0 1 1 0 1 0 1 1 1 0 0 1 1 0 1 0
1611163590 50 11 15 14 10 9 11 8 6 4 1 3 0 2 0 0 2 2 1 0 1 0 0 1 0 1 1 0 0 1 1 0 1 0 1 1 1 0 0 1 1 0 1 0
1611167181 51 11 15 14 10 9 11 8 6 4 1 3 0 2 0 0 2 2 1 0 1 0 0 1 0 1 1 0 0 1 1 0 1 0 1 1 1 0 0 1 1 0 1 0
1611178929 52 11 15 14 10 9 11 8 6 4 1 3 0 2 0 0 2 2 1 0 1 0 0 1 0 1 1 0 0 1 1 0 1 0 1 1 1 0 0 1 1 0 1 0
1611246961 52 11 15 14 10 9 11 8 6 4 1 3 1 2 0 0 2 2 1 0 1 0 0 1 0 1 1 0 0 1 1 0 1 0 1 1 1 0 0 1 1 0 1 0
1611341997 53 11 15 14 10 9 11 8 6 4 1 3 1 2 0 0 2 2 1 0 1 0 0 1 0 1 1 0 0 1 1 0 1 0 1 1 1 0 0 1 1 0 1 0
1611555248 53 12 15 14 10 9 11 8 6 4 1 3 1 2 0 0 2 2 1 0 1 0 0 1 0 1 1 0 0 1 1 0 1 0 1 1 1 0 0 1 1 0 1 0
1611594748 54 12 15 14 10 9 11 8 6 4 1 3 1 2 0 0 2 2 1 0 1 0 0 1 0 1 1 0 0 1 1 0 1 0 1 1 1 0 0 1 1 0 1 0
1611701348 55 12 15 14 10 9 11 8 6 4 1 3 1 2 0 0 2 2 1 0 1 0 0 1 0 1 1 0 0 1 1 0 1 0 1 1 1 0 0 1 1 0 1 0
1611789256 56 12 15 14 10 9 11 8 6 4 1 3 1 2 0 0 2 2 1 0 1 0 0 1 0 1 1 0 0 1 1 0 1 0 1 1 1 0 0 1 1 0 1 0
1612200508 57 12 15 14 10 9 11 8 6 4 1 3 1 2 0 0 2 2 1 0 1 0 0 1 0 1 1 0 0 1 1 0 1 0 1 1 1 0 0 1 1 0 1 0
1612286050 58 12 15 14 10 9 11 8 6 4 1 3 1 2 0 0 2 2 1 0 1 0 0 1 0 1 1 0 0 1 1 0 1 0 1 1 1 0 0 1 1 0 1 0
1612455074 59 12 15 14 10 9 11 8 6 4 1 3 1 2 0 0 2 2 1 0 1 0 0 1 0 1 1 0 0 1 1 0 1 0 1 1 1 0 0 1 1 0 1 0
1612460865 59 13 15 14 10 9 11 8 6 4 1 3 1 2 0 0 2 2 1 0 1 0 0 1 0 1 1 0 0 1 1 0 1 0 1 1 1 0 0 1 1 0 1 0
1612827112 59 13 15 14 10 9 11 8 6 4 1 3 1 2 0 0 2 2 1 0 1 0 0 1 0 1 1 0 0 1 1 0 1 0 1 1 1 0 0 1 1 0 1 1
1612977526 59 13 15 14 11 9 11 8 6 4 1 3 1 2 0 0 2 2 1 0 1 0 0 1 0 1 1 0 0 1 1 0 1 0 1 1 1 0 0 1 1 0 1 1
1613072318 59 13 15 14 12 9 11 8 6 4 1 3 1 2 0 0 2 2 1 0 1 0 0 1 0 1 1 0 0 1 1 0 1 0 1 1 1 0 0 1 1 0 1 1
1613147851 60 13 15 14 12 9 11 8 6 4 1 3 1 2 0 0 2 2 1 0 1 0 0 1 0 1 1 0 0 1 1 0 1 0 1 1 1 0 0 1 1 0 1 1
1613485339 60 14 15 14 12 9 11 8 6 4 1 3 1 2 0 0 2 2 1 0 1 0 0 1 0 1 1 0 0 1 1 0 1 0 1 1 1 0 0 1 1 0 1 1
1614005727 61 14 15 14 12 9 11 8 6 4 1 3 1 2 0 0 2 2 1 0 1 0 0 1 0 1 1 0 0 1 1 0 1 0 1 1 1 0 0 1 1 0 1 1
1614282466 62 14 15 14 12 9 11 8 6 4 1 3 1 2 0 0 2 2 1 0 1 0 0 1 0 1 1 0 0 1 1 0 1 0 1 1 1 0 0 1 1 0 1 1
1614292899 62 14 15 14 13 9 11 8 6 4 1 3 1 2 0 0 2 2 1 0 1 0 0 1 0 1 1 0 0 1 1 0 1 0 1 1 1 0 0 1 1 0 1 1
1614963236 63 14 15 14 13 9 11 8 6 4 1 3 1 2 0 0 2 2 1 0 1 0 0 1 0 1 1 0 0 1 1 0 1 0 1 1 1 0 0 1 1 0 1 1
1614963529 64 14 15 14 13 9 11 8 6 4 1 3 1 2 0 0 2 2 1 0 1 0 0 1 0 1 1 0 0 1 1 0 1 0 1 1 1 0 0 1 1 0 1 1
1614967039 65 14 15 14 13 9 11 8 6 4 1 3 1 2 0 0 2 2 1 0 1 0 0 1 0 1 1 0 0 1 1 0 1 0 1 1 1 0 0 1 1 0 1 1
1614973012 66 14 15 14 13 9 11 8 6 4 1 3 1 2 0 0 2 2 1 0 1 0 0 1 0 1 1 0 0 1 1 0 1 0 1 1 1 0 0 1 1 0 1 1
1615303043 67 14 15 14 13 9 11 8 6 4 1 3 1 2 0 0 2 2 1 0 1 0 0 1 0 1 1 0 0 1 1 0 1 0 1 1 1 0 0 1 1 0 1 1
1615306427 68 14 15 14 13 9 11 8 6 4 1 3 1 2 0 0 2 2 1 0 1 0 0 1 0 1 1 0 0 1 1 0 1 0 1 1 1 0 0 1 1 0 1 1
1615388966 69 14 15 14 13 9 11 8 6 4 1 3 1 2 0 0 2 2 1 0 1 0 0 1 0 1 1 0 0 1 1 0 1 0 1 1 1 0 0 1 1 0 1 1
1615476846 69 14 16 14 13 9 11 8 6 4 1 3 1 2 0 0 2 2 1 0 1 0 0 1 0 1 1 0 0 1 1 0 1 0 1 1 1 0 0 1 1 0 1 1
1615560404 69 14 17 14 13 9 11 8 6 4 1 3 1 2 0 0 2 2 1 0 1 0 0 1 0 1 1 0 0 1 1 0 1 0 1 1 1 0 0 1 1 0 1 1
1615587535 70 14 17 14 13 9 11 8 6 4 1 3 1 2 0 0 2 2 1 0 1 0 0 1 0 1 1 0 0 1 1 0 1 0 1 1 1 0 0 1 1 0 1 1
1615594116 71 14 17 14 13 9 11 8 6 4 1 3 1 2 0 0 2 2 1 0 1 0 0 1 0 1 1 0 0 1 1 0 1 0 1 1 1 0 0 1 1 0 1 1
1615646012 71 14 17 14 13 9 11 8 6 4 1 3 1 2 0 0 2 2 1 0 1 0 0 1 0 1 1 0 0 1 1 0 1 0 1 1 1 0 1 1 1 0 1 1
1616079401 71 14 17 14 13 9 11 8 6 4 1 3 1 2 0 0 2 2 1 0 1 0 0 1 1 1 1 0 0 1 1 0 1 0 1 1 1 0 1 1 1 0 1 1
1616084236 72 14 17 14 13 9 11 8 6 4 1 3 1 2 0 0 2 2 1 0 1 0 0 1 1 1 1 0 0 1 1 0 1 0 1 1 1 0 1 1 1 0 1 1
1616250896 72 15 17 14 13 9 11 8 6 4 1 3 1 2 0 0 2 2 1 0 1 0 0 1 1 1 1 0 0 1 1 0 1 0 1 1 1 0 1 1 1 0 1 1
1616542736 72 15 17 14 13 9 11 8 6 5 1 3 1 2 0 0 2 2 1 0 1 0 0 1 1 1 1 0 0 1 1 0 1 0 1 1 1 0 1 1 1 0 1 1
1616593857 72 15 17 14 13 9 11 8 6 5 2 3 1 2 0 0 2 2 1 0 1 0 0 1 1 1 1 0 0 1 1 0 1 0 1 1 1 0 1 1 1 0 1 1
1616683033 72 16 17 14 13 9 11 8 6 5 2 3 1 2 0 0 2 2 1 0 1 0 0 1 1 1 1 0 0 1 1 0 1 0 1 1 1 0 1 1 1 0 1 1
1616695299 72 16 17 14 13 9 11 8 6 5 2 3 1 2 0 0 2 2 1 0 1 0 0 1 1 1 1 0 0 1 1 0 1 0 1 1 1 1 1 1 1 0 1 1
1616705956 73 16 17 14 13 9 11 8 6 5 2 3 1 2 0 0 2 2 1 0 1 0 0 1 1 1 1 0 0 1 1 0 1 0 1 1 1 1 1 1 1 0 1 1
1617150903 73 17 17 14 13 9 11 8 6 5 2 3 1 2 0 0 2 2 1 0 1 0 0 1 1 1 1 0 0 1 1 0 1 0 1 1 1 1 1 1 1 0 1 1
1617218498 73 18 17 14 13 9 11 8 6 5 2 3 1 2 0 0 2 2 1 0 1 0 0 1 1 1 1 0 0 1 1 0 1 0 1 1 1 1 1 1 1 0 1 1
1617239943 73 19 17 14 13 9 11 8 6 5 2 3 1 2 0 0 2 2 1 0 1 0 0 1 1 1 1 0 0 1 1 0 1 0 1 1 1 1 1 1 1 0 1 1
1617243934 74 19 17 14 13 9 11 8 6 5 2 3 1 2 0 0 2 2 1 0 1 0 0 1 1 1 1 0 0 1 1 0 1 0 1 1 1 1 1 1 1 0 1 1
1617272902 74 20 17 14 13 9 11 8 6 5 2 3 1 2 0 0 2 2 1 0 1 0 0 1 1 1 1 0 0 1 1 0 1 0 1 1 1 1 1 1 1 0 1 1
1617317939 75 20 17 14 13 9 11 8 6 5 2 3 1 2 0 0 2 2 1 0 1 0 0 1 1 1 1 0 0 1 1 0 1 0 1 1 1 1 1 1 1 0 1 1
1617391169 76 20 17 14 13 9 11 8 6 5 2 3 1 2 0 0 2 2 1 0 1 0 0 1 1 1 1 0 0 1 1 0 1 0 1 1 1 1 1 1 1 0 1 1
1617558217 77 20 17 14 13 9 11 8 6 5 2 3 1 2 0 0 2 2 1 0 1 0 0 1 1 1 1 0 0 1 1 0 1 0 1 1 1 1 1 1 1 0 1 1
1617993026 78 20 17 14 13 9 11 8 6 5 2 3 1 2 0 0 2 2 1 0 1 0 0 1 1 1 1 0 0 1 1 0 1 0 1 1 1 1 1 1 1 0 1 1
1618247856 79 20 17 14 13 9 11 8 6 5 2 3 1 2 0 0 2 2 1 0 1 0 0 1 1 1 1 0 0 1 1 0 1 0 1 1 1 1 1 1 1 0 1 1
1618495701 80 20 17 14 13 9 11 8 6 5 2 3 1 2 0 0 2 2 1 0 1 0 0 1 1 1 1 0 0 1 1 0 1 0 1 1 1 1 1 1 1 0 1 1
1618503021 81 20 17 14 13 9 11 8 6 5 2 3 1 2 0 0 2 2 1 0 1 0 0 1 1 1 1 0 0 1 1 0 1 0 1 1 1 1 1 1 1 0 1 1
1619022703 82 20 17 14 13 9 11 8 6 5 2 3 1 2 0 0 2 2 1 0 1 0 0 1 1 1 1 0 0 1 1 0 1 0 1 1 1 1 1 1 1 0 1 1
1619034399 82 20 17 14 13 9 11 8 6 5 2 3 1 2 0 0 2 2 1 0 1 0 0 1 1 1 1 0 1 1 1 0 1 0 1 1 1 1 1 1 1 0 1 1
1619041493 82 20 17 14 13 10 11 8 6 5 2 3 1 2 0 0 2 2 1 0 1 0 0 1 1 1 1 0 1 1 1 0 1 0 1 1 1 1 1 1 1 0 1 1
1619217213 82 20 18 14 13 10 11 8 6 5 2 3 1 2 0 0 2 2 1 0 1 0 0 1 1 1 1 0 1 1 1 0 1 0 1 1 1 1 1 1 1 0 1 1
1619353319 83 20 18 14 13 10 11 8 6 5 2 3 1 2 0 0 2 2 1 0 1 0 0 1 1 1 1 0 1 1 1 0 1 0 1 1 1 1 1 1 1 0 1 1
1619454574 84 20 18 14 13 10 11 8 6 5 2 3 1 2 0 0 2 2 1 0 1 0 0 1 1 1 1 0 1 1 1 0 1 0 1 1 1 1 1 1 1 0 1 1
1619560799 85 20 18 14 13 10 11 8 6 5 2 3 1 2 0 0 2 2 1 0 1 0 0 1 1 1 1 0 1 1 1 0 1 0 1 1 1 1 1 1 1 0 1 1
1620243919 86 20 18 14 13 10 11 8 6 5 2 3 1 2 0 0 2 2 1 0 1 0 0 1 1 1 1 0 1 1 1 0 1 0 1 1 1 1 1 1 1 0 1 1
1620309821 87 20 18 14 13 10 11 8 6 5 2 3 1 2 0 0 2 2 1 0 1 0 0 1 1 1 1 0 1 1 1 0 1 0 1 1 1 1 1 1 1 0 1 1
1620409412 88 20 18 14 13 10 11 8 6 5 2 3 1 2 0 0 2 2 1 0 1 0 0 1 1 1 1 0 1 1 1 0 1 0 1 1 1 1 1 1 1 0 1 1
1620412439 89 20 18 14 13 10 11 8 6 5 2 3 1 2 0 0 2 2 1 0 1 0 0 1 1 1 1 0 1 1 1 0 1 0 1 1 1 1 1 1 1 0 1 1
1620640467 90 20 18 14 13 10 11 8 6 5 2 3 1 2 0 0 2 2 1 0 1 0 0 1 1 1 1 0 1 1 1 0 1 0 1 1 1 1 1 1 1 0 1 1
1620829885 90 21 18 14 13 10 11 8 6 5 2 3 1 2 0 0 2 2 1 0 1 0 0 1 1 1 1 0 1 1 1 0 1 0 1 1 1 1 1 1 1 0 1 1
1620833104 91 21 18 14 13 10 11 8 6 5 2 3 1 2 0 0 2 2 1 0 1 0 0 1 1 1 1 0 1 1 1 0 1 0 1 1 1 1 1 1 1 0 1 1
1620897132 91 21 19 14 13 10 11 8 6 5 2 3 1 2 0 0 2 2 1 0 1 0 0 1 1 1 1 0 1 1 1 0 1 0 1 1 1 1 1 1 1 0 1 1
1621044565 91 22 19 14 13 10 11 8 6 5 2 3 1 2 0 0 2 2 1 0 1 0 0 1 1 1 1 0 1 1 1 0 1 0 1 1 1 1 1 1 1 0 1 1
1621345789 91 23 19 14 13 10 11 8 6 5 2 3 1 2 0 0 2 2 1 0 1 0 0 1 1 1 1 0 1 1 1 0 1 0 1 1 1 1 1 1 1 0 1 1
1621427644 91 24 19 14 13 10 11 8 6 5 2 3 1 2 0 0 2 2 1 0 1 0 0 1 1 1 1 0 1 1 1 0 1 0 1 1 1 1 1 1 1 0 1 1
1621543904 92 24 19 14 13 10 11 8 6 5 2 3 1 2 0 0 2 2 1 0 1 0 0 1 1 1 1 0 1 1 1 0 1 0 1 1 1 1 1 1 1 0 1 1
1621603720 92 25 19 14 13 10 11 8 6 5 2 3 1 2 0 0 2 2 1 0 1 0 0 1 1 1 1 0 1 1 1 0 1 0 1 1 1 1 1 1 1 0 1 1
1621615565 92 26 19 14 13 10 11 8 6 5 2 3 1 2 0 0 2 2 1 0 1 0 0 1 1 1 1 0 1 1 1 0 1 0 1 1 1 1 1 1 1 0 1 1
1621617886 92 26 19 14 13 10 11 8 6 5 2 3 1 2 0 0 2 2 1 1 1 0 0 1 1 1 1 0 1 1 1 0 1 0 1 1 1 1 1 1 1 0 1 1
1621861392 93 26 19 14 13 10 11 8 6 5 2 3 1 2 0 0 2 2 1 1 1 0 0 1 1 1 1 0 1 1 1 0 1 0 1 1 1 1 1 1 1 0 1 1
1621934704 93 26 19 14 14 10 11 8 6 5 2 3 1 2 0 0 2 2 1 1 1 0 0 1 1 1 1 0 1 1 1 0 1 0 1 1 1 1 1 1 1 0 1 1
1621972741 94 26 19 14 14 10 11 8 6 5 2 3 1 2 0 0 2 2 1 1 1 0 0 1 1 1 1 0 1 1 1 0 1 0 1 1 1 1 1 1 1 0 1 1
1622056753 95 26 19 14 14 10 11 8 6 5 2 3 1 2 0 0 2 2 1 1 1 0 0 1 1 1 1 0 1 1 1 0 1 0 1 1 1 1 1 1 1 0 1 1
1622122273 96 26 19 14 14 10 11 8 6 5 2 3 1 2 0 0 2 2 1 1 1 0 0 1 1 1 1 0 1 1 1 0 1 0 1 1 1 1 1 1 1 0 1 1
1622551471 96 26 19 14 14 10 11 8 6 5 2 3 1 2 0 0 2 2 1 1 1 0 0 1 1 1 1 1 1 1 1 0 1 0 1 1 1 1 1 1 1 0 1 1
1622810067 96 26 19 14 14 10 11 8 6 5 2 3 1 2 0 0 2 2 1 1 1 0 0 1 1 1 1 1 1 1 1 0 1 0 1 1 1 1 1 1 1 1 1 1
1622897404 96 27 19 14 14 10 11 8 6 5 2 3 1 2 0 0 2 2 1 1 1 0 0 1 1 1 1 1 1 1 1 0 1 0 1 1 1 1 1 1 1 1 1 1
1623211110 96 28 19 14 14 10 11 8 6 5 2 3 1 2 0 0 2 2 1 1 1 0 0 1 1 1 1 1 1 1 1 0 1 0 1 1 1 1 1 1 1 1 1 1
1623594595 96 29 19 14 14 10 11 8 6 5 2 3 1 2 0 0 2 2 1 1 1 0 0 1 1 1 1 1 1 1 1 0 1 0 1 1 1 1 1 1 1 1 1 1
1623598615 97 29 19 14 14 10 11 8 6 5 2 3 1 2 0 0 2 2 1 1 1 0 0 1 1 1 1 1 1 1 1 0 1 0 1 1 1 1 1 1 1 1 1 1
1623695510 97 30 19 14 14 10 11 8 6 5 2 3 1 2 0 0 2 2 1 1 1 0 0 1 1 1 1 1 1 1 1 0 1 0 1 1 1 1 1 1 1 1 1 1
1623733078 97 31 19 14 14 10 11 8 6 5 2 3 1 2 0 0 2 2 1 1 1 0 0 1 1 1 1 1 1 1 1 0 1 0 1 1 1 1 1 1 1 1 1 1
1623786100 98 31 19 14 14 10 11 8 6 5 2 3 1 2 0 0 2 2 1 1 1 0 0 1 1 1 1 1 1 1 1 0 1 0 1 1 1 1 1 1 1 1 1 1
1623820388 98 31 19 14 14 10 11 8 6 5 2 3 1 2 0 0 2 2 1 1 1 0 1 1 1 1 1 1 1 1 1 0 1 0 1 1 1 1 1 1 1 1 1 1
1623859620 99 31 19 14 14 10 11 8 6 5 2 3 1 2 0 0 2 2 1 1 1 0 1 1 1 1 1 1 1 1 1 0 1 0 1 1 1 1 1 1 1 1 1 1
1623893152 99 32 19 14 14 10 11 8 6 5 2 3 1 2 0 0 2 2 1 1 1 0 1 1 1 1 1 1 1 1 1 0 1 0 1 1 1 1 1 1 1 1 1 1
1623900538 99 33 19 14 14 10 11 8 6 5 2 3 1 2 0 0 2 2 1 1 1 0 1 1 1 1 1 1 1 1 1 0 1 0 1 1 1 1 1 1 1 1 1 1
1624030249 99 34 19 14 14 10 11 8 6 5 2 3 1 2 0 0 2 2 1 1 1 0 1 1 1 1 1 1 1 1 1 0 1 0 1 1 1 1 1 1 1 1 1 1
1624306752 100 34 19 14 14 10 11 8 6 5 2 3 1 2 0 0 2 2 1 1 1 0 1 1 1 1 1 1 1 1 1 0 1 0 1 1 1 1 1 1 1 1 1 1
1624431041 100 34 19 14 14 10 11 8 6 5 2 3 1 2 0 0 2 2 1 1 1 0 1 1 1 1 1 1 1 1 1 1 1 0 1 1 1 1 1 1 1 1 1 1
1624435310 100 35 19 14 14 10 11 8 6 5 2 3 1 2 0 0 2 2 1 1 1 0 1 1 1 1 1 1 1 1 1 1 1 0 1 1 1 1 1 1 1 1 1 1
1624494522 100 36 19 14 14 10 11 8 6 5 2 3 1 2 0 0 2 2 1 1 1 0 1 1 1 1 1 1 1 1 1 1 1 0 1 1 1 1 1 1 1 1 1 1
1624538602 100 37 19 14 14 10 11 8 6 5 2 3 1 2 0 0 2 2 1 1 1 0 1 1 1 1 1 1 1 1 1 1 1 0 1 1 1 1 1 1 1 1 1 1
1624543079 100 38 19 14 14 10 11 8 6 5 2 3 1 2 0 0 2 2 1 1 1 0 1 1 1 1 1 1 1 1 1 1 1 0 1 1 1 1 1 1 1 1 1 1
1624906488 101 38 19 14 14 10 11 8 6 5 2 3 1 2 0 0 2 2 1 1 1 0 1 1 1 1 1 1 1 1 1 1 1 0 1 1 1 1 1 1 1 1 1 1
1624935689 101 39 19 14 14 10 11 8 6 5 2 3 1 2 0 0 2 2 1 1 1 0 1 1 1 1 1 1 1 1 1 1 1 0 1 1 1 1 1 1 1 1 1 1
1625052961 101 40 19 14 14 10 11 8 6 5 2 3 1 2 0 0 2 2 1 1 1 0 1 1 1 1 1 1 1 1 1 1 1 0 1 1 1 1 1 1 1 1 1 1
1625065825 101 40 19 14 14 10 11 8 6 5 3 3 1 2 0 0 2 2 1 1 1 0 1 1 1 1 1 1 1 1 1 1 1 0 1 1 1 1 1 1 1 1 1 1
1625168744 102 40 19 14 14 10 11 8 6 5 3 3 1 2 0 0 2 2 1 1 1 0 1 1 1 1 1 1 1 1 1 1 1 0 1 1 1 1 1 1 1 1 1 1
1625189382 102 40 19 14 14 10 11 8 6 5 3 3 1 2 0 1 2 2 1 1 1 0 1 1 1 1 1 1 1 1 1 1 1 0 1 1 1 1 1 1 1 1 1 1
1625194033 102 41 19 14 14 10 11 8 6 5 3 3 1 2 0 1 2 2 1 1 1 0 1 1 1 1 1 1 1 1 1 1 1 0 1 1 1 1 1 1 1 1 1 1
1625226218 102 41 19 15 14 10 11 8 6 5 3 3 1 2 0 1 2 2 1 1 1 0 1 1 1 1 1 1 1 1 1 1 1 0 1 1 1 1 1 1 1 1 1 1
1625238423 102 41 19 15 14 10 11 8 6 5 3 3 1 2 0 2 2 2 1 1 1 0 1 1 1 1 1 1 1 1 1 1 1 0 1 1 1 1 1 1 1 1 1 1
1625258581 102 41 19 15 14 11 11 8 6 5 3 3 1 2 0 2 2 2 1 1 1 0 1 1 1 1 1 1 1 1 1 1 1 0 1 1 1 1 1 1 1 1 1 1
1625319490 102 42 19 15 14 11 11 8 6 5 3 3 1 2 0 2 2 2 1 1 1 0 1 1 1 1 1 1 1 1 1 1 1 0 1 1 1 1 1 1 1 1 1 1
1625618961 102 43 19 15 14 11 11 8 6 5 3 3 1 2 0 2 2 2 1 1 1 0 1 1 1 1 1 1 1 1 1 1 1 0 1 1 1 1 1 1 1 1 1 1
1625620110 102 43 19 15 14 11 11 8 6 5 3 3 1 2 0 2 2 2 1 1 1 0 1 1 1 1 1 1 1 1 1 1 1 1 1 1 1 1 1 1 1 1 1 1
1625776336 103 43 19 15 14 11 11 8 6 5 3 3 1 2 0 2 2 2 1 1 1 0 1 1 1 1 1 1 1 1 1 1 1 1 1 1 1 1 1 1 1 1 1 1
1626121949 104 43 19 15 14 11 11 8 6 5 3 3 1 2 0 2 2 2 1 1 1 0 1 1 1 1 1 1 1 1 1 1 1 1 1 1 1 1 1 1 1 1 1 1
1626128388 105 43 19 15 14 11 11 8 6 5 3 3 1 2 0 2 2 2 1 1 1 0 1 1 1 1 1 1 1 1 1 1 1 1 1 1 1 1 1 1 1 1 1 1
1626175184 105 43 19 15 14 11 11 8 6 5 3 3 2 2 0 2 2 2 1 1 1 0 1 1 1 1 1 1 1 1 1 1 1 1 1 1 1 1 1 1 1 1 1 1
1626291853 106 43 19 15 14 11 11 8 6 5 3 3 2 2 0 2 2 2 1 1 1 0 1 1 1 1 1 1 1 1 1 1 1 1 1 1 1 1 1 1 1 1 1 1
1626971457 107 43 19 15 14 11 11 8 6 5 3 3 2 2 0 2 2 2 1 1 1 0 1 1 1 1 1 1 1 1 1 1 1 1 1 1 1 1 1 1 1 1 1 1
1627404711 107 43 20 15 14 11 11 8 6 5 3 3 2 2 0 2 2 2 1 1 1 0 1 1 1 1 1 1 1 1 1 1 1 1 1 1 1 1 1 1 1 1 1 1
1627405905 107 43 20 15 14 11 11 8 6 5 3 3 2 2 1 2 2 2 1 1 1 0 1 1 1 1 1 1 1 1 1 1 1 1 1 1 1 1 1 1 1 1 1 1
1627567666 107 44 20 15 14 11 11 8 6 5 3 3 2 2 1 2 2 2 1 1 1 0 1 1 1 1 1 1 1 1 1 1 1 1 1 1 1 1 1 1 1 1 1 1
1627587695 107 44 20 16 14 11 11 8 6 5 3 3 2 2 1 2 2 2 1 1 1 0 1 1 1 1 1 1 1 1 1 1 1 1 1 1 1 1 1 1 1 1 1 1
1627881261 107 45 20 16 14 11 11 8 6 5 3 3 2 2 1 2 2 2 1 1 1 0 1 1 1 1 1 1 1 1 1 1 1 1 1 1 1 1 1 1 1 1 1 1
1628000759 107 45 20 16 14 11 11 8 6 6 3 3 2 2 1 2 2 2 1 1 1 0 1 1 1 1 1 1 1 1 1 1 1 1 1 1 1 1 1 1 1 1 1 1
1629122955 107 45 20 16 14 11 11 8 6 6 3 3 2 2 1 2 2 2 1 1 1 1 1 1 1 1 1 1 1 1 1 1 1 1 1 1 1 1 1 1 1 1 1 1
1629703251 107 45 20 16 14 11 11 8 6 6 3 3 2 2 2 2 2 2 1 1 1 1 1 1 1 1 1 1 1 1 1 1 1 1 1 1 1 1 1 1 1 1 1 1
1629728605 108 45 20 16 14 11 11 8 6 6 3 3 2 2 2 2 2 2 1 1 1 1 1 1 1 1 1 1 1 1 1 1 1 1 1 1 1 1 1 1 1 1 1 1
1629747393 109 45 20 16 14 11 11 8 6 6 3 3 2 2 2 2 2 2 1 1 1 1 1 1 1 1 1 1 1 1 1 1 1 1 1 1 1 1 1 1 1 1 1 1
1629774399 109 46 20 16 14 11 11 8 6 6 3 3 2 2 2 2 2 2 1 1 1 1 1 1 1 1 1 1 1 1 1 1 1 1 1 1 1 1 1 1 1 1 1 1
1629959363 109 47 20 16 14 11 11 8 6 6 3 3 2 2 2 2 2 2 1 1 1 1 1 1 1 1 1 1 1 1 1 1 1 1 1 1 1 1 1 1 1 1 1 1
1629998667 110 47 20 16 14 11 11 8 6 6 3 3 2 2 2 2 2 2 1 1 1 1 1 1 1 1 1 1 1 1 1 1 1 1 1 1 1 1 1 1 1 1 1 1
1630093398 111 47 20 16 14 11 11 8 6 6 3 3 2 2 2 2 2 2 1 1 1 1 1 1 1 1 1 1 1 1 1 1 1 1 1 1 1 1 1 1 1 1 1 1
1630528074 112 47 20 16 14 11 11 8 6 6 3 3 2 2 2 2 2 2 1 1 1 1 1 1 1 1 1 1 1 1 1 1 1 1 1 1 1 1 1 1 1 1 1 1
1630575280 112 48 20 16 14 11 11 8 6 6 3 3 2 2 2 2 2 2 1 1 1 1 1 1 1 1 1 1 1 1 1 1 1 1 1 1 1 1 1 1 1 1 1 1
1631051254 113 48 20 16 14 11 11 8 6 6 3 3 2 2 2 2 2 2 1 1 1 1 1 1 1 1 1 1 1 1 1 1 1 1 1 1 1 1 1 1 1 1 1 1
