1610648748 332
1610661176 14702
1610662715 14701
1610668048 17555
1611091111 17354
1611158389 17354
1611163590 17427
1611167181 17397
1611178929 17397
1611341997 17397
1611555248 17394
1611594748 17394
1611701348 17394
1611789256 17340
1612200508 17014
1612286050 17003
1612455074 16997
1612460865 16997
1612827112 16997
1612977526 17000
1613072318 17824
1613147851 17858
1613485339 17873
1614005727 17879
1614282466 17880
1614292899 17926
1615303043 17942
1615388966 23526
1615476846 23580
1615560404 22482
1615587535 22482
1615594116 22482
1615646012 22513
1616079401 22707
1616084236 22707
1616250896 22704
1616542736 22640
1616593857 22634
1616683033 23206
1616695299 29268
1616705956 29290
1617150903 29321
1617218498 29321
1617239943 29321
1617243934 29304
1617272902 29304
1617317939 29304
1617391169 29553
1617558217 29552
1617993026 29569
1618247856 29575
1618495701 29577
1618503021 29577
1619022703 29570
1619034399 29570
1619041493 29570
1619217213 29570
1619353319 29568
1619454574 29568
1619560799 29573
1620243919 31245
1620309821 30688
1620409412 30687
1620412439 30713
1620640467 30713
1620829885 30713
1620833104 30713
1620897132 30850
1621044565 30861
1621345789 30861
1621427644 30911
1621543904 31411
1621603720 31510
1621615565 31552
1621617886 31657
1621861392 31821
1621934704 31941
1621972741 31958
1622056753 31958
1622122273 31990
1622551471 32537
1622810067 32536
1622897404 32535
1623211110 32536
1623594595 32535
1623598615 32535
1623695510 28486
1623733078 28465
1623786100 28908
1623820388 28935
1623859620 28936
1623893152 29434
1623900538 29438
1624030249 29652
1624306752 29916
1624431041 30196
1624435310 30196
1624494522 30198
1624538602 30196
1624543079 30354
1624906488 30711
1624935689 30735
1625052961 30735
1625065825 30735
1625168744 30957
1625189382 30957
1625194033 31022
1625226218 31841
1625238423 31841
1625258581 36209
1625319490 36247
1625618961 36254
1625620110 37201
1625776336 37201
1626121949 37201
1626128388 37201
1626175184 37210
1626291853 37204
1626971457 37207
1627404711 37209
1627405905 37209
1627567666 37789
1627587695 37809
1627881261 37804
1628000759 37805
1629122955 37847
