1611071739 331
1611072505 3199
1611073195 3198
1611087543 5786
1611159430 5786
1611161910 5601
1611171777 5580
1611177729 5578
1611594914 5576
1611789943 5522
1612208956 5522
1612286074 5509
1612827239 5509
1613054962 5500
1613062839 5532
1613597523 5512
1614282052 5512
1615302914 5525
1615403038 13335
1615596135 13335
1616079267 13335
1616509566 13326
1616512627 14153
1616706290 16450
1617198240 14118
1617218410 14120
1617237989 14120
1617242520 14103
1617317999 14103
1617389202 14354
1617993087 14371
1618248078 14377
1618495903 14379
1618502875 14379
1619022414 14372
1619361572 14372
1619464759 14387
1619564127 14390
1620243945 14720
1620310132 14605
1620409476 14604
1620412521 14630
1620658019 14630
1621966116 15104
1621967903 15395
1622059404 15393
1622122435 15425
1622811811 15424
1623189013 15425
1623681725 15425
1624031569 15532
1624479845 15532
1624908289 15643
1624917146 15644
1625065864 15644
1625232095 15866
1625590083 15867
1625779790 15867
1626124170 15867
1626128443 15867
1626180013 15876
1626362411 15869
1626449746 15883
1626969782 15884
1628002778 15885
1628584831 15885
1628603773 15963
1628639305 16549
