1548699973 1 0 0 0 0 0 0 0 0 0 0 0 0 0 0 0 0 0 0 0 0 0 0 0 0 0 0 0 0 0 0 0 0 0 0
1549301125 2 0 0 0 0 0 0 0 0 0 0 0 0 0 0 0 0 0 0 0 0 0 0 0 0 0 0 0 0 0 0 0 0 0 0
1549306114 4 0 0 0 0 0 0 0 0 0 0 0 0 0 0 0 0 0 0 0 0 0 0 0 0 0 0 0 0 0 0 0 0 0 0
1549319505 4 0 0 0 1 0 0 0 0 0 0 0 0 0 0 0 0 0 0 0 0 0 0 0 0 0 0 0 0 0 0 0 0 0 0
1549379143 4 0 0 0 2 0 0 0 0 0 0 0 0 0 0 0 0 0 0 0 0 0 0 0 0 0 0 0 0 0 0 0 0 0 0
1553884042 5 0 0 0 2 0 0 0 0 0 0 0 0 0 0 0 0 0 0 0 0 0 0 0 0 0 0 0 0 0 0 0 0 0 0
1553986707 6 0 0 0 2 0 0 0 0 0 0 0 0 0 0 0 0 0 0 0 0 0 0 0 0 0 0 0 0 0 0 0 0 0 0
1556163119 6 0 0 0 2 0 0 0 1 0 0 0 0 0 0 0 0 0 0 0 0 0 0 0 0 0 0 0 0 0 0 0 0 0 0
1556209576 6 1 0 0 2 0 0 0 1 0 0 0 0 0 0 0 0 0 0 0 0 0 0 0 0 0 0 0 0 0 0 0 0 0 0
1556232686 6 1 0 0 2 0 0 0 1 0 0 1 0 0 0 0 0 0 0 0 0 0 0 0 0 0 0 0 0 0 0 0 0 0 0
1556232919 7 1 0 0 2 0 0 0 1 0 0 1 0 0 0 0 0 0 0 0 0 0 0 0 0 0 0 0 0 0 0 0 0 0 0
1556503154 7 1 0 0 2 0 0 0 1 0 0 2 0 0 0 0 0 0 0 0 0 0 0 0 0 0 0 0 0 0 0 0 0 0 0
1556551780 7 2 0 0 2 0 0 0 1 0 0 2 0 0 0 0 0 0 0 0 0 0 0 0 0 0 0 0 0 0 0 0 0 0 0
1556555832 7 2 0 0 2 0 0 0 1 0 0 3 0 0 0 0 0 0 0 0 0 0 0 0 0 0 0 0 0 0 0 0 0 0 0
1556556099 7 2 0 0 2 0 0 0 1 0 0 4 0 0 0 0 0 0 0 0 0 0 0 0 0 0 0 0 0 0 0 0 0 0 0
1556557129 7 3 0 0 2 0 0 0 1 0 0 4 0 0 0 0 0 0 0 0 0 0 0 0 0 0 0 0 0 0 0 0 0 0 0
1556571193 8 3 0 0 2 0 0 0 1 0 0 4 0 0 0 0 0 0 0 0 0 0 0 0 0 0 0 0 0 0 0 0 0 0 0
1556573340 8 3 0 1 2 0 0 0 1 0 0 4 0 0 0 0 0 0 0 0 0 0 0 0 0 0 0 0 0 0 0 0 0 0 0
1556575998 9 3 0 1 2 0 0 0 1 0 0 4 0 0 0 0 0 0 0 0 0 0 0 0 0 0 0 0 0 0 0 0 0 0 0
1556576043 10 3 0 1 2 0 0 0 1 0 0 4 0 0 0 0 0 0 0 0 0 0 0 0 0 0 0 0 0 0 0 0 0 0 0
1556630774 10 3 0 2 2 0 0 0 1 0 0 4 0 0 0 0 0 0 0 0 0 0 0 0 0 0 0 0 0 0 0 0 0 0 0
1556649453 10 4 0 2 2 0 0 0 1 0 0 4 0 0 0 0 0 0 0 0 0 0 0 0 0 0 0 0 0 0 0 0 0 0 0
1556650395 10 5 0 2 2 0 0 0 1 0 0 4 0 0 0 0 0 0 0 0 0 0 0 0 0 0 0 0 0 0 0 0 0 0 0
1556653149 11 5 0 2 2 0 0 0 1 0 0 4 0 0 0 0 0 0 0 0 0 0 0 0 0 0 0 0 0 0 0 0 0 0 0
1556657881 12 5 0 2 2 0 0 0 1 0 0 4 0 0 0 0 0 0 0 0 0 0 0 0 0 0 0 0 0 0 0 0 0 0 0
1556657894 13 5 0 2 2 0 0 0 1 0 0 4 0 0 0 0 0 0 0 0 0 0 0 0 0 0 0 0 0 0 0 0 0 0 0
1556657911 13 5 0 2 2 0 0 0 1 0 0 5 0 0 0 0 0 0 0 0 0 0 0 0 0 0 0 0 0 0 0 0 0 0 0
1556662871 13 5 1 2 2 0 0 0 1 0 0 5 0 0 0 0 0 0 0 0 0 0 0 0 0 0 0 0 0 0 0 0 0 0 0
1556708417 14 5 1 2 2 0 0 0 1 0 0 5 0 0 0 0 0 0 0 0 0 0 0 0 0 0 0 0 0 0 0 0 0 0 0
1556710619 14 6 1 2 2 0 0 0 1 0 0 5 0 0 0 0 0 0 0 0 0 0 0 0 0 0 0 0 0 0 0 0 0 0 0
1556710624 14 7 1 2 2 0 0 0 1 0 0 5 0 0 0 0 0 0 0 0 0 0 0 0 0 0 0 0 0 0 0 0 0 0 0
1556712270 14 8 1 2 2 0 0 0 1 0 0 5 0 0 0 0 0 0 0 0 0 0 0 0 0 0 0 0 0 0 0 0 0 0 0
1556714654 14 9 1 2 2 0 0 0 1 0 0 5 0 0 0 0 0 0 0 0 0 0 0 0 0 0 0 0 0 0 0 0 0 0 0
1556717255 14 10 1 2 2 0 0 0 1 0 0 5 0 0 0 0 0 0 0 0 0 0 0 0 0 0 0 0 0 0 0 0 0 0 0
1556728912 14 11 1 2 2 0 0 0 1 0 0 5 0 0 0 0 0 0 0 0 0 0 0 0 0 0 0 0 0 0 0 0 0 0 0
1556739093 14 12 1 2 2 0 0 0 1 0 0 5 0 0 0 0 0 0 0 0 0 0 0 0 0 0 0 0 0 0 0 0 0 0 0
1556749011 14 12 1 2 2 0 0 0 2 0 0 5 0 0 0 0 0 0 0 0 0 0 0 0 0 0 0 0 0 0 0 0 0 0 0
1556797289 14 12 1 3 2 0 0 0 2 0 0 5 0 0 0 0 0 0 0 0 0 0 0 0 0 0 0 0 0 0 0 0 0 0 0
1556800508 14 12 2 3 2 0 0 0 2 0 0 5 0 0 0 0 0 0 0 0 0 0 0 0 0 0 0 0 0 0 0 0 0 0 0
1556800823 14 12 2 4 2 0 0 0 2 0 0 5 0 0 0 0 0 0 0 0 0 0 0 0 0 0 0 0 0 0 0 0 0 0 0
1556821399 14 12 2 5 2 0 0 0 2 0 0 5 0 0 0 0 0 0 0 0 0 0 0 0 0 0 0 0 0 0 0 0 0 0 0
1556827094 14 12 3 5 2 0 0 0 2 0 0 5 0 0 0 0 0 0 0 0 0 0 0 0 0 0 0 0 0 0 0 0 0 0 0
1556963155 14 12 3 6 2 0 0 0 2 0 0 5 0 0 0 0 0 0 0 0 0 0 0 0 0 0 0 0 0 0 0 0 0 0 0
1558445514 14 13 3 6 2 0 0 0 2 0 0 5 0 0 0 0 0 0 0 0 0 0 0 0 0 0 0 0 0 0 0 0 0 0 0
1558456360 14 14 3 6 2 0 0 0 2 0 0 5 0 0 0 0 0 0 0 0 0 0 0 0 0 0 0 0 0 0 0 0 0 0 0
1558703747 14 15 3 6 2 0 0 0 2 0 0 5 0 0 0 0 0 0 0 0 0 0 0 0 0 0 0 0 0 0 0 0 0 0 0
1558708222 14 16 3 6 2 0 0 0 2 0 0 5 0 0 0 0 0 0 0 0 0 0 0 0 0 0 0 0 0 0 0 0 0 0 0
1559305185 14 16 4 6 2 0 0 0 2 0 0 5 0 0 0 0 0 0 0 0 0 0 0 0 0 0 0 0 0 0 0 0 0 0 0
1560792349 15 16 4 6 2 0 0 0 2 0 0 5 0 0 0 0 0 0 0 0 0 0 0 0 0 0 0 0 0 0 0 0 0 0 0
1560814435 16 16 4 6 2 0 0 0 2 0 0 5 0 0 0 0 0 0 0 0 0 0 0 0 0 0 0 0 0 0 0 0 0 0 0
1561451599 16 17 4 6 2 0 0 0 2 0 0 5 0 0 0 0 0 0 0 0 0 0 0 0 0 0 0 0 0 0 0 0 0 0 0
1561454604 16 18 4 6 2 0 0 0 2 0 0 5 0 0 0 0 0 0 0 0 0 0 0 0 0 0 0 0 0 0 0 0 0 0 0
1562783230 17 18 4 6 2 0 0 0 2 0 0 5 0 0 0 0 0 0 0 0 0 0 0 0 0 0 0 0 0 0 0 0 0 0 0
1562785956 18 18 4 6 2 0 0 0 2 0 0 5 0 0 0 0 0 0 0 0 0 0 0 0 0 0 0 0 0 0 0 0 0 0 0
1562978122 19 18 4 6 2 0 0 0 2 0 0 5 0 0 0 0 0 0 0 0 0 0 0 0 0 0 0 0 0 0 0 0 0 0 0
1563312687 19 18 4 6 3 0 0 0 2 0 0 5 0 0 0 0 0 0 0 0 0 0 0 0 0 0 0 0 0 0 0 0 0 0 0
1563317951 20 18 4 6 3 0 0 0 2 0 0 5 0 0 0 0 0 0 0 0 0 0 0 0 0 0 0 0 0 0 0 0 0 0 0
1563328057 21 18 4 6 3 0 0 0 2 0 0 5 0 0 0 0 0 0 0 0 0 0 0 0 0 0 0 0 0 0 0 0 0 0 0
1563530678 21 18 4 6 3 0 0 0 2 0 0 5 0 0 0 0 0 0 0 0 0 0 0 0 0 0 0 0 0 0 0 0 1 0 0
1563799122 21 18 5 6 3 0 0 0 2 0 0 5 0 0 0 0 0 0 0 0 0 0 0 0 0 0 0 0 0 0 0 0 1 0 0
1563907619 21 18 5 6 4 0 0 0 2 0 0 5 0 0 0 0 0 0 0 0 0 0 0 0 0 0 0 0 0 0 0 0 1 0 0
1564166569 21 18 5 6 5 0 0 0 2 0 0 5 0 0 0 0 0 0 0 0 0 0 0 0 0 0 0 0 0 0 0 0 1 0 0
1564369421 21 18 5 6 5 0 0 0 2 0 0 5 0 0 0 0 1 0 0 0 0 0 0 0 0 0 0 0 0 0 0 0 1 0 0
1564380350 22 18 5 6 5 0 0 0 2 0 0 5 0 0 0 0 1 0 0 0 0 0 0 0 0 0 0 0 0 0 0 0 1 0 0
1564779576 23 18 5 6 5 0 0 0 2 0 0 5 0 0 0 0 1 0 0 0 0 0 0 0 0 0 0 0 0 0 0 0 1 0 0
1565110415 23 19 5 6 5 0 0 0 2 0 0 5 0 0 0 0 1 0 0 0 0 0 0 0 0 0 0 0 0 0 0 0 1 0 0
1565192127 23 19 5 7 5 0 0 0 2 0 0 5 0 0 0 0 1 0 0 0 0 0 0 0 0 0 0 0 0 0 0 0 1 0 0
1565210896 23 20 5 7 5 0 0 0 2 0 0 5 0 0 0 0 1 0 0 0 0 0 0 0 0 0 0 0 0 0 0 0 1 0 0
1565357374 23 21 5 7 5 0 0 0 2 0 0 5 0 0 0 0 1 0 0 0 0 0 0 0 0 0 0 0 0 0 0 0 1 0 0
1565363553 23 22 5 7 5 0 0 0 2 0 0 5 0 0 0 0 1 0 0 0 0 0 0 0 0 0 0 0 0 0 0 0 1 0 0
1565370443 24 22 5 7 5 0 0 0 2 0 0 5 0 0 0 0 1 0 0 0 0 0 0 0 0 0 0 0 0 0 0 0 1 0 0
1565442340 25 22 5 7 5 0 0 0 2 0 0 5 0 0 0 0 1 0 0 0 0 0 0 0 0 0 0 0 0 0 0 0 1 0 0
1565634840 25 22 5 7 6 0 0 0 2 0 0 5 0 0 0 0 1 0 0 0 0 0 0 0 0 0 0 0 0 0 0 0 1 0 0
1565661575 26 22 5 7 6 0 0 0 2 0 0 5 0 0 0 0 1 0 0 0 0 0 0 0 0 0 0 0 0 0 0 0 1 0 0
1565661594 27 22 5 7 6 0 0 0 2 0 0 5 0 0 0 0 1 0 0 0 0 0 0 0 0 0 0 0 0 0 0 0 1 0 0
1565781553 27 22 5 7 6 0 0 0 2 0 0 5 0 0 0 0 1 0 1 0 0 0 0 0 0 0 0 0 0 0 0 0 1 0 0
1565805553 27 22 6 7 6 0 0 0 2 0 0 5 0 0 0 0 1 0 1 0 0 0 0 0 0 0 0 0 0 0 0 0 1 0 0
1565807568 28 22 6 7 6 0 0 0 2 0 0 5 0 0 0 0 1 0 1 0 0 0 0 0 0 0 0 0 0 0 0 0 1 0 0
1565912680 29 22 6 7 6 0 0 0 2 0 0 5 0 0 0 0 1 0 1 0 0 0 0 0 0 0 0 0 0 0 0 0 1 0 0
1565935527 30 22 6 7 6 0 0 0 2 0 0 5 0 0 0 0 1 0 1 0 0 0 0 0 0 0 0 0 0 0 0 0 1 0 0
1565944551 31 22 6 7 6 0 0 0 2 0 0 5 0 0 0 0 1 0 1 0 0 0 0 0 0 0 0 0 0 0 0 0 1 0 0
1565945080 32 22 6 7 6 0 0 0 2 0 0 5 0 0 0 0 1 0 1 0 0 0 0 0 0 0 0 0 0 0 0 0 1 0 0
1566294818 32 22 6 8 6 0 0 0 2 0 0 5 0 0 0 0 1 0 1 0 0 0 0 0 0 0 0 0 0 0 0 0 1 0 0
1566321062 32 22 7 8 6 0 0 0 2 0 0 5 0 0 0 0 1 0 1 0 0 0 0 0 0 0 0 0 0 0 0 0 1 0 0
1566321080 32 22 8 8 6 0 0 0 2 0 0 5 0 0 0 0 1 0 1 0 0 0 0 0 0 0 0 0 0 0 0 0 1 0 0
1566395843 32 22 9 8 6 0 0 0 2 0 0 5 0 0 0 0 1 0 1 0 0 0 0 0 0 0 0 0 0 0 0 0 1 0 0
1566433844 32 22 9 8 7 0 0 0 2 0 0 5 0 0 0 0 1 0 1 0 0 0 0 0 0 0 0 0 0 0 0 0 1 0 0
1566482646 32 22 9 8 8 0 0 0 2 0 0 5 0 0 0 0 1 0 1 0 0 0 0 0 0 0 0 0 0 0 0 0 1 0 0
1566485962 32 22 9 8 8 0 0 0 2 0 0 5 0 0 0 0 2 0 1 0 0 0 0 0 0 0 0 0 0 0 0 0 1 0 0
1566489898 33 22 9 8 8 0 0 0 2 0 0 5 0 0 0 0 2 0 1 0 0 0 0 0 0 0 0 0 0 0 0 0 1 0 0
1566494448 33 22 9 8 8 0 0 0 2 0 0 5 0 0 0 0 3 0 1 0 0 0 0 0 0 0 0 0 0 0 0 0 1 0 0
1566828046 33 22 9 8 9 0 0 0 2 0 0 5 0 0 0 0 3 0 1 0 0 0 0 0 0 0 0 0 0 0 0 0 1 0 0
1566829179 33 22 9 8 10 0 0 0 2 0 0 5 0 0 0 0 3 0 1 0 0 0 0 0 0 0 0 0 0 0 0 0 1 0 0
1566842681 33 22 9 8 11 0 0 0 2 0 0 5 0 0 0 0 3 0 1 0 0 0 0 0 0 0 0 0 0 0 0 0 1 0 0
1566869995 34 22 9 8 11 0 0 0 2 0 0 5 0 0 0 0 3 0 1 0 0 0 0 0 0 0 0 0 0 0 0 0 1 0 0
1566933444 34 22 9 8 12 0 0 0 2 0 0 5 0 0 0 0 3 0 1 0 0 0 0 0 0 0 0 0 0 0 0 0 1 0 0
1567018806 35 22 9 8 12 0 0 0 2 0 0 5 0 0 0 0 3 0 1 0 0 0 0 0 0 0 0 0 0 0 0 0 1 0 0
1567043801 35 22 9 8 13 0 0 0 2 0 0 5 0 0 0 0 3 0 1 0 0 0 0 0 0 0 0 0 0 0 0 0 1 0 0
1567045133 36 22 9 8 13 0 0 0 2 0 0 5 0 0 0 0 3 0 1 0 0 0 0 0 0 0 0 0 0 0 0 0 1 0 0
1567074246 37 22 9 8 13 0 0 0 2 0 0 5 0 0 0 0 3 0 1 0 0 0 0 0 0 0 0 0 0 0 0 0 1 0 0
1567487462 38 22 9 8 13 0 0 0 2 0 0 5 0 0 0 0 3 0 1 0 0 0 0 0 0 0 0 0 0 0 0 0 1 0 0
1567635572 39 22 9 8 13 0 0 0 2 0 0 5 0 0 0 0 3 0 1 0 0 0 0 0 0 0 0 0 0 0 0 0 1 0 0
1567693707 40 22 9 8 13 0 0 0 2 0 0 5 0 0 0 0 3 0 1 0 0 0 0 0 0 0 0 0 0 0 0 0 1 0 0
1567798215 41 22 9 8 13 0 0 0 2 0 0 5 0 0 0 0 3 0 1 0 0 0 0 0 0 0 0 0 0 0 0 0 1 0 0
1568367775 41 22 9 9 13 0 0 0 2 0 0 5 0 0 0 0 3 0 1 0 0 0 0 0 0 0 0 0 0 0 0 0 1 0 0
1568867190 41 22 9 9 14 0 0 0 2 0 0 5 0 0 0 0 3 0 1 0 0 0 0 0 0 0 0 0 0 0 0 0 1 0 0
1569353342 42 22 9 9 14 0 0 0 2 0 0 5 0 0 0 0 3 0 1 0 0 0 0 0 0 0 0 0 0 0 0 0 1 0 0
1569358514 43 22 9 9 14 0 0 0 2 0 0 5 0 0 0 0 3 0 1 0 0 0 0 0 0 0 0 0 0 0 0 0 1 0 0
1569426214 43 22 9 9 15 0 0 0 2 0 0 5 0 0 0 0 3 0 1 0 0 0 0 0 0 0 0 0 0 0 0 0 1 0 0
1569431995 43 22 9 9 16 0 0 0 2 0 0 5 0 0 0 0 3 0 1 0 0 0 0 0 0 0 0 0 0 0 0 0 1 0 0
1569964089 43 22 10 9 16 0 0 0 2 0 0 5 0 0 0 0 3 0 1 0 0 0 0 0 0 0 0 0 0 0 0 0 1 0 0
1571816504 43 22 10 10 16 0 0 0 2 0 0 5 0 0 0 0 3 0 1 0 0 0 0 0 0 0 0 0 0 0 0 0 1 0 0
1573079507 44 22 10 10 16 0 0 0 2 0 0 5 0 0 0 0 3 0 1 0 0 0 0 0 0 0 0 0 0 0 0 0 1 0 0
1573164840 45 22 10 10 16 0 0 0 2 0 0 5 0 0 0 0 3 0 1 0 0 0 0 0 0 0 0 0 0 0 0 0 1 0 0
1573249052 46 22 10 10 16 0 0 0 2 0 0 5 0 0 0 0 3 0 1 0 0 0 0 0 0 0 0 0 0 0 0 0 1 0 0
1573252245 47 22 10 10 16 0 0 0 2 0 0 5 0 0 0 0 3 0 1 0 0 0 0 0 0 0 0 0 0 0 0 0 1 0 0
1573271464 48 22 10 10 16 0 0 0 2 0 0 5 0 0 0 0 3 0 1 0 0 0 0 0 0 0 0 0 0 0 0 0 1 0 0
1573271625 49 22 10 10 16 0 0 0 2 0 0 5 0 0 0 0 3 0 1 0 0 0 0 0 0 0 0 0 0 0 0 0 1 0 0
1574277635 50 22 10 10 16 0 0 0 2 0 0 5 0 0 0 0 3 0 1 0 0 0 0 0 0 0 0 0 0 0 0 0 1 0 0
1574291331 51 22 10 10 16 0 0 0 2 0 0 5 0 0 0 0 3 0 1 0 0 0 0 0 0 0 0 0 0 0 0 0 1 0 0
1574614536 52 22 10 10 16 0 0 0 2 0 0 5 0 0 0 0 3 0 1 0 0 0 0 0 0 0 0 0 0 0 0 0 1 0 0
1574690269 52 22 11 10 16 0 0 0 2 0 0 5 0 0 0 0 3 0 1 0 0 0 0 0 0 0 0 0 0 0 0 0 1 0 0
1574870726 52 22 11 10 16 0 0 0 3 0 0 5 0 0 0 0 3 0 1 0 0 0 0 0 0 0 0 0 0 0 0 0 1 0 0
1574904558 52 22 11 10 16 0 0 0 4 0 0 5 0 0 0 0 3 0 1 0 0 0 0 0 0 0 0 0 0 0 0 0 1 0 0
1575642228 52 23 11 10 16 0 0 0 4 0 0 5 0 0 0 0 3 0 1 0 0 0 0 0 0 0 0 0 0 0 0 0 1 0 0
1575651706 52 24 11 10 16 0 0 0 4 0 0 5 0 0 0 0 3 0 1 0 0 0 0 0 0 0 0 0 0 0 0 0 1 0 0
1575673125 52 24 12 10 16 0 0 0 4 0 0 5 0 0 0 0 3 0 1 0 0 0 0 0 0 0 0 0 0 0 0 0 1 0 0
1575674408 52 24 13 10 16 0 0 0 4 0 0 5 0 0 0 0 3 0 1 0 0 0 0 0 0 0 0 0 0 0 0 0 1 0 0
1575979976 52 24 13 11 16 0 0 0 4 0 0 5 0 0 0 0 3 0 1 0 0 0 0 0 0 0 0 0 0 0 0 0 1 0 0
1576603828 53 24 13 11 16 0 0 0 4 0 0 5 0 0 0 0 3 0 1 0 0 0 0 0 0 0 0 0 0 0 0 0 1 0 0
1576611944 53 24 14 11 16 0 0 0 4 0 0 5 0 0 0 0 3 0 1 0 0 0 0 0 0 0 0 0 0 0 0 0 1 0 0
1576619305 54 24 14 11 16 0 0 0 4 0 0 5 0 0 0 0 3 0 1 0 0 0 0 0 0 0 0 0 0 0 0 0 1 0 0
1576878177 55 24 14 11 16 0 0 0 4 0 0 5 0 0 0 0 3 0 1 0 0 0 0 0 0 0 0 0 0 0 0 0 1 0 0
1576943372 56 24 14 11 16 0 0 0 4 0 0 5 0 0 0 0 3 0 1 0 0 0 0 0 0 0 0 0 0 0 0 0 1 0 0
1577398049 57 24 14 11 16 0 0 0 4 0 0 5 0 0 0 0 3 0 1 0 0 0 0 0 0 0 0 0 0 0 0 0 1 0 0
1577399462 58 24 14 11 16 0 0 0 4 0 0 5 0 0 0 0 3 0 1 0 0 0 0 0 0 0 0 0 0 0 0 0 1 0 0
1577461030 59 24 14 11 16 0 0 0 4 0 0 5 0 0 0 0 3 0 1 0 0 0 0 0 0 0 0 0 0 0 0 0 1 0 0
1578342072 60 24 14 11 16 0 0 0 4 0 0 5 0 0 0 0 3 0 1 0 0 0 0 0 0 0 0 0 0 0 0 0 1 0 0
1578415522 61 24 14 11 16 0 0 0 4 0 0 5 0 0 0 0 3 0 1 0 0 0 0 0 0 0 0 0 0 0 0 0 1 0 0
1578440707 62 24 14 11 16 0 0 0 4 0 0 5 0 0 0 0 3 0 1 0 0 0 0 0 0 0 0 0 0 0 0 0 1 0 0
1578595661 63 24 14 11 16 0 0 0 4 0 0 5 0 0 0 0 3 0 1 0 0 0 0 0 0 0 0 0 0 0 0 0 1 0 0
1578604569 64 24 14 11 16 0 0 0 4 0 0 5 0 0 0 0 3 0 1 0 0 0 0 0 0 0 0 0 0 0 0 0 1 0 0
1578946792 65 24 14 11 16 0 0 0 4 0 0 5 0 0 0 0 3 0 1 0 0 0 0 0 0 0 0 0 0 0 0 0 1 0 0
1578948285 66 24 14 11 16 0 0 0 4 0 0 5 0 0 0 0 3 0 1 0 0 0 0 0 0 0 0 0 0 0 0 0 1 0 0
1578950923 67 24 14 11 16 0 0 0 4 0 0 5 0 0 0 0 3 0 1 0 0 0 0 0 0 0 0 0 0 0 0 0 1 0 0
1579121034 68 24 14 11 16 0 0 0 4 0 0 5 0 0 0 0 3 0 1 0 0 0 0 0 0 0 0 0 0 0 0 0 1 0 0
1579126077 69 24 14 11 16 0 0 0 4 0 0 5 0 0 0 0 3 0 1 0 0 0 0 0 0 0 0 0 0 0 0 0 1 0 0
1579196827 70 24 14 11 16 0 0 0 4 0 0 5 0 0 0 0 3 0 1 0 0 0 0 0 0 0 0 0 0 0 0 0 1 0 0
1579204893 71 24 14 11 16 0 0 0 4 0 0 5 0 0 0 0 3 0 1 0 0 0 0 0 0 0 0 0 0 0 0 0 1 0 0
1579213485 72 24 14 11 16 0 0 0 4 0 0 5 0 0 0 0 3 0 1 0 0 0 0 0 0 0 0 0 0 0 0 0 1 0 0
1579456710 73 24 14 11 16 0 0 0 4 0 0 5 0 0 0 0 3 0 1 0 0 0 0 0 0 0 0 0 0 0 0 0 1 0 0
1579457631 74 24 14 11 16 0 0 0 4 0 0 5 0 0 0 0 3 0 1 0 0 0 0 0 0 0 0 0 0 0 0 0 1 0 0
1579463779 75 24 14 11 16 0 0 0 4 0 0 5 0 0 0 0 3 0 1 0 0 0 0 0 0 0 0 0 0 0 0 0 1 0 0
1579801076 76 24 14 11 16 0 0 0 4 0 0 5 0 0 0 0 3 0 1 0 0 0 0 0 0 0 0 0 0 0 0 0 1 0 0
1579818111 77 24 14 11 16 0 0 0 4 0 0 5 0 0 0 0 3 0 1 0 0 0 0 0 0 0 0 0 0 0 0 0 1 0 0
1580145500 78 24 14 11 16 0 0 0 4 0 0 5 0 0 0 0 3 0 1 0 0 0 0 0 0 0 0 0 0 0 0 0 1 0 0
1580147884 79 24 14 11 16 0 0 0 4 0 0 5 0 0 0 0 3 0 1 0 0 0 0 0 0 0 0 0 0 0 0 0 1 0 0
1580166080 79 24 14 11 16 0 0 0 5 0 0 5 0 0 0 0 3 0 1 0 0 0 0 0 0 0 0 0 0 0 0 0 1 0 0
1580178388 80 24 14 11 16 0 0 0 5 0 0 5 0 0 0 0 3 0 1 0 0 0 0 0 0 0 0 0 0 0 0 0 1 0 0
1580423590 81 24 14 11 16 0 0 0 5 0 0 5 0 0 0 0 3 0 1 0 0 0 0 0 0 0 0 0 0 0 0 0 1 0 0
1580426368 82 24 14 11 16 0 0 0 5 0 0 5 0 0 0 0 3 0 1 0 0 0 0 0 0 0 0 0 0 0 0 0 1 0 0
1580440970 83 24 14 11 16 0 0 0 5 0 0 5 0 0 0 0 3 0 1 0 0 0 0 0 0 0 0 0 0 0 0 0 1 0 0
1580481463 84 24 14 11 16 0 0 0 5 0 0 5 0 0 0 0 3 0 1 0 0 0 0 0 0 0 0 0 0 0 0 0 1 0 0
1580982912 84 25 14 11 16 0 0 0 5 0 0 5 0 0 0 0 3 0 1 0 0 0 0 0 0 0 0 0 0 0 0 0 1 0 0
1580982926 84 26 14 11 16 0 0 0 5 0 0 5 0 0 0 0 3 0 1 0 0 0 0 0 0 0 0 0 0 0 0 0 1 0 0
1580983626 84 27 14 11 16 0 0 0 5 0 0 5 0 0 0 0 3 0 1 0 0 0 0 0 0 0 0 0 0 0 0 0 1 0 0
1580994769 84 28 14 11 16 0 0 0 5 0 0 5 0 0 0 0 3 0 1 0 0 0 0 0 0 0 0 0 0 0 0 0 1 0 0
1580994952 84 28 14 11 16 0 0 1 5 0 0 5 0 0 0 0 3 0 1 0 0 0 0 0 0 0 0 0 0 0 0 0 1 0 0
1581002315 85 28 14 11 16 0 0 1 5 0 0 5 0 0 0 0 3 0 1 0 0 0 0 0 0 0 0 0 0 0 0 0 1 0 0
1581003345 86 28 14 11 16 0 0 1 5 0 0 5 0 0 0 0 3 0 1 0 0 0 0 0 0 0 0 0 0 0 0 0 1 0 0
1581005953 87 28 14 11 16 0 0 1 5 0 0 5 0 0 0 0 3 0 1 0 0 0 0 0 0 0 0 0 0 0 0 0 1 0 0
1581221766 87 28 14 11 16 0 0 1 6 0 0 5 0 0 0 0 3 0 1 0 0 0 0 0 0 0 0 0 0 0 0 0 1 0 0
1581223400 87 28 14 11 16 0 0 1 7 0 0 5 0 0 0 0 3 0 1 0 0 0 0 0 0 0 0 0 0 0 0 0 1 0 0
1581349409 87 28 15 11 16 0 0 1 7 0 0 5 0 0 0 0 3 0 1 0 0 0 0 0 0 0 0 0 0 0 0 0 1 0 0
1581621833 88 28 15 11 16 0 0 1 7 0 0 5 0 0 0 0 3 0 1 0 0 0 0 0 0 0 0 0 0 0 0 0 1 0 0
1581630142 89 28 15 11 16 0 0 1 7 0 0 5 0 0 0 0 3 0 1 0 0 0 0 0 0 0 0 0 0 0 0 0 1 0 0
1582585297 90 28 15 11 16 0 0 1 7 0 0 5 0 0 0 0 3 0 1 0 0 0 0 0 0 0 0 0 0 0 0 0 1 0 0
1582586685 91 28 15 11 16 0 0 1 7 0 0 5 0 0 0 0 3 0 1 0 0 0 0 0 0 0 0 0 0 0 0 0 1 0 0
1582723206 91 28 16 11 16 0 0 1 7 0 0 5 0 0 0 0 3 0 1 0 0 0 0 0 0 0 0 0 0 0 0 0 1 0 0
1582933000 92 28 16 11 16 0 0 1 7 0 0 5 0 0 0 0 3 0 1 0 0 0 0 0 0 0 0 0 0 0 0 0 1 0 0
1583269177 92 28 16 11 16 0 0 1 8 0 0 5 0 0 0 0 3 0 1 0 0 0 0 0 0 0 0 0 0 0 0 0 1 0 0
1583787570 93 28 16 11 16 0 0 1 8 0 0 5 0 0 0 0 3 0 1 0 0 0 0 0 0 0 0 0 0 0 0 0 1 0 0
1583862965 94 28 16 11 16 0 0 1 8 0 0 5 0 0 0 0 3 0 1 0 0 0 0 0 0 0 0 0 0 0 0 0 1 0 0
1583869931 95 28 16 11 16 0 0 1 8 0 0 5 0 0 0 0 3 0 1 0 0 0 0 0 0 0 0 0 0 0 0 0 1 0 0
1583874557 96 28 16 11 16 0 0 1 8 0 0 5 0 0 0 0 3 0 1 0 0 0 0 0 0 0 0 0 0 0 0 0 1 0 0
1585228673 97 28 16 11 16 0 0 1 8 0 0 5 0 0 0 0 3 0 1 0 0 0 0 0 0 0 0 0 0 0 0 0 1 0 0
1586466319 98 28 16 11 16 0 0 1 8 0 0 5 0 0 0 0 3 0 1 0 0 0 0 0 0 0 0 0 0 0 0 0 1 0 0
1586869594 98 28 17 11 16 0 0 1 8 0 0 5 0 0 0 0 3 0 1 0 0 0 0 0 0 0 0 0 0 0 0 0 1 0 0
1587597545 98 28 17 11 16 0 1 1 8 0 0 5 0 0 0 0 3 0 1 0 0 0 0 0 0 0 0 0 0 0 0 0 1 0 0
1587600469 98 28 17 11 16 0 2 1 8 0 0 5 0 0 0 0 3 0 1 0 0 0 0 0 0 0 0 0 0 0 0 0 1 0 0
1588024484 98 28 17 11 16 0 2 1 8 0 0 5 0 0 0 0 3 0 2 0 0 0 0 0 0 0 0 0 0 0 0 0 1 0 0
1588271709 98 28 17 11 16 0 3 1 8 0 0 5 0 0 0 0 3 0 2 0 0 0 0 0 0 0 0 0 0 0 0 0 1 0 0
1588275259 98 28 17 11 16 0 4 1 8 0 0 5 0 0 0 0 3 0 2 0 0 0 0 0 0 0 0 0 0 0 0 0 1 0 0
1588288287 98 28 18 11 16 0 4 1 8 0 0 5 0 0 0 0 3 0 2 0 0 0 0 0 0 0 0 0 0 0 0 0 1 0 0
1589220006 98 28 18 11 16 0 5 1 8 0 0 5 0 0 0 0 3 0 2 0 0 0 0 0 0 0 0 0 0 0 0 0 1 0 0
1589288863 98 28 18 11 16 0 5 1 8 0 0 5 0 0 0 0 3 0 3 0 0 0 0 0 0 0 0 0 0 0 0 0 1 0 0
1589323961 99 28 18 11 16 0 5 1 8 0 0 5 0 0 0 0 3 0 3 0 0 0 0 0 0 0 0 0 0 0 0 0 1 0 0
1589495128 99 28 19 11 16 0 5 1 8 0 0 5 0 0 0 0 3 0 3 0 0 0 0 0 0 0 0 0 0 0 0 0 1 0 0
1590080717 100 28 19 11 16 0 5 1 8 0 0 5 0 0 0 0 3 0 3 0 0 0 0 0 0 0 0 0 0 0 0 0 1 0 0
1590686787 100 28 19 11 16 0 6 1 8 0 0 5 0 0 0 0 3 0 3 0 0 0 0 0 0 0 0 0 0 0 0 0 1 0 0
1591193458 101 28 19 11 16 0 6 1 8 0 0 5 0 0 0 0 3 0 3 0 0 0 0 0 0 0 0 0 0 0 0 0 1 0 0
1591388149 102 28 19 11 16 0 6 1 8 0 0 5 0 0 0 0 3 0 3 0 0 0 0 0 0 0 0 0 0 0 0 0 1 0 0
1591894100 102 28 19 11 16 0 6 1 8 1 0 5 0 0 0 0 3 0 3 0 0 0 0 0 0 0 0 0 0 0 0 0 1 0 0
1592435321 102 28 19 11 16 0 6 1 8 2 0 5 0 0 0 0 3 0 3 0 0 0 0 0 0 0 0 0 0 0 0 0 1 0 0
1593530668 102 28 19 11 16 0 6 1 8 3 0 5 0 0 0 0 3 0 3 0 0 0 0 0 0 0 0 0 0 0 0 0 1 0 0
1593616012 103 28 19 11 16 0 6 1 8 3 0 5 0 0 0 0 3 0 3 0 0 0 0 0 0 0 0 0 0 0 0 0 1 0 0
1594943527 103 28 19 11 16 0 6 2 8 3 0 5 0 0 0 0 3 0 3 0 0 0 0 0 0 0 0 0 0 0 0 0 1 0 0
1595542381 104 28 19 11 16 0 6 2 8 3 0 5 0 0 0 0 3 0 3 0 0 0 0 0 0 0 0 0 0 0 0 0 1 0 0
1596035762 105 28 19 11 16 0 6 2 8 3 0 5 0 0 0 0 3 0 3 0 0 0 0 0 0 0 0 0 0 0 0 0 1 0 0
1597251722 106 28 19 11 16 0 6 2 8 3 0 5 0 0 0 0 3 0 3 0 0 0 0 0 0 0 0 0 0 0 0 0 1 0 0
1597268390 106 28 19 11 16 0 7 2 8 3 0 5 0 0 0 0 3 0 3 0 0 0 0 0 0 0 0 0 0 0 0 0 1 0 0
1598013500 107 28 19 11 16 0 7 2 8 3 0 5 0 0 0 0 3 0 3 0 0 0 0 0 0 0 0 0 0 0 0 0 1 0 0
1599019151 107 28 19 12 16 0 7 2 8 3 0 5 0 0 0 0 3 0 3 0 0 0 0 0 0 0 0 0 0 0 0 0 1 0 0
1599080976 108 28 19 12 16 0 7 2 8 3 0 5 0 0 0 0 3 0 3 0 0 0 0 0 0 0 0 0 0 0 0 0 1 0 0
1601315851 109 28 19 12 16 0 7 2 8 3 0 5 0 0 0 0 3 0 3 0 0 0 0 0 0 0 0 0 0 0 0 0 1 0 0
1602020503 109 28 19 12 16 0 7 2 8 4 0 5 0 0 0 0 3 0 3 0 0 0 0 0 0 0 0 0 0 0 0 0 1 0 0
1602085493 109 28 19 12 16 0 7 3 8 4 0 5 0 0 0 0 3 0 3 0 0 0 0 0 0 0 0 0 0 0 0 0 1 0 0
1602607085 109 28 19 12 16 0 8 3 8 4 0 5 0 0 0 0 3 0 3 0 0 0 0 0 0 0 0 0 0 0 0 0 1 0 0
1602659524 109 28 19 12 16 0 9 3 8 4 0 5 0 0 0 0 3 0 3 0 0 0 0 0 0 0 0 0 0 0 0 0 1 0 0
1602777261 109 28 19 12 16 0 9 4 8 4 0 5 0 0 0 0 3 0 3 0 0 0 0 0 0 0 0 0 0 0 0 0 1 0 0
1603296366 109 28 19 12 16 0 9 5 8 4 0 5 0 0 0 0 3 0 3 0 0 0 0 0 0 0 0 0 0 0 0 0 1 0 0
1603493424 109 28 19 12 16 0 9 5 8 4 0 5 0 0 0 0 3 0 3 0 0 0 0 0 0 1 0 0 0 0 0 0 1 0 0
1603736285 109 28 19 12 16 0 9 6 8 4 0 5 0 0 0 0 3 0 3 0 0 0 0 0 0 1 0 0 0 0 0 0 1 0 0
1604926847 109 28 19 12 16 0 9 6 8 4 0 5 0 0 0 0 3 0 3 0 0 0 0 0 0 1 0 0 0 0 0 1 1 0 0
1605798177 109 28 19 12 16 0 10 6 8 4 0 5 0 0 0 0 3 0 3 0 0 0 0 0 0 1 0 0 0 0 0 1 1 0 0
1606120455 109 28 19 12 16 0 11 6 8 4 0 5 0 0 0 0 3 0 3 0 0 0 0 0 0 1 0 0 0 0 0 1 1 0 0
1606754124 109 28 20 12 16 0 11 6 8 4 0 5 0 0 0 0 3 0 3 0 0 0 0 0 0 1 0 0 0 0 0 1 1 0 0
1611364948 109 28 20 12 16 0 11 6 8 4 0 5 0 0 0 1 3 0 3 0 0 0 0 0 0 1 0 0 0 0 0 1 1 0 0
1611692577 110 28 20 12 16 0 11 6 8 4 0 5 0 0 0 1 3 0 3 0 0 0 0 0 0 1 0 0 0 0 0 1 1 0 0
1612216632 111 28 20 12 16 0 11 6 8 4 0 5 0 0 0 1 3 0 3 0 0 0 0 0 0 1 0 0 0 0 0 1 1 0 0
1612460124 111 28 20 12 16 0 11 6 8 4 0 5 1 0 0 1 3 0 3 0 0 0 0 0 0 1 0 0 0 0 0 1 1 0 0
1612470271 112 28 20 12 16 0 11 6 8 4 0 5 1 0 0 1 3 0 3 0 0 0 0 0 0 1 0 0 0 0 0 1 1 0 0
1612828155 113 28 20 12 16 0 11 6 8 4 0 5 1 0 0 1 3 0 3 0 0 0 0 0 0 1 0 0 0 0 0 1 1 0 0
1614030826 113 28 20 12 16 0 11 6 8 4 0 5 1 1 0 1 3 0 3 0 0 0 0 0 0 1 0 0 0 0 0 1 1 0 0
1614100536 113 28 20 12 16 0 11 6 8 4 0 5 1 2 0 1 3 0 3 0 0 0 0 0 0 1 0 0 0 0 0 1 1 0 0
1614181083 113 28 20 12 16 0 11 6 8 4 0 5 1 2 0 2 3 0 3 0 0 0 0 0 0 1 0 0 0 0 0 1 1 0 0
1614184198 113 28 20 12 16 0 11 6 8 4 0 5 1 2 0 3 3 0 3 0 0 0 0 0 0 1 0 0 0 0 0 1 1 0 0
1614358147 113 28 20 12 16 0 11 7 8 4 0 5 1 2 0 3 3 0 3 0 0 0 0 0 0 1 0 0 0 0 0 1 1 0 0
1614438631 114 28 20 12 16 0 11 7 8 4 0 5 1 2 0 3 3 0 3 0 0 0 0 0 0 1 0 0 0 0 0 1 1 0 0
1614458421 115 28 20 12 16 0 11 7 8 4 0 5 1 2 0 3 3 0 3 0 0 0 0 0 0 1 0 0 0 0 0 1 1 0 0
1614463594 116 28 20 12 16 0 11 7 8 4 0 5 1 2 0 3 3 0 3 0 0 0 0 0 0 1 0 0 0 0 0 1 1 0 0
1614465534 117 28 20 12 16 0 11 7 8 4 0 5 1 2 0 3 3 0 3 0 0 0 0 0 0 1 0 0 0 0 0 1 1 0 0
1614466179 118 28 20 12 16 0 11 7 8 4 0 5 1 2 0 3 3 0 3 0 0 0 0 0 0 1 0 0 0 0 0 1 1 0 0
1614468757 119 28 20 12 16 0 11 7 8 4 0 5 1 2 0 3 3 0 3 0 0 0 0 0 0 1 0 0 0 0 0 1 1 0 0
1615308773 120 28 20 12 16 0 11 7 8 4 0 5 1 2 0 3 3 0 3 0 0 0 0 0 0 1 0 0 0 0 0 1 1 0 0
1615423604 121 28 20 12 16 0 11 7 8 4 0 5 1 2 0 3 3 0 3 0 0 0 0 0 0 1 0 0 0 0 0 1 1 0 0
1615426436 122 28 20 12 16 0 11 7 8 4 0 5 1 2 0 3 3 0 3 0 0 0 0 0 0 1 0 0 0 0 0 1 1 0 0
1615427982 123 28 20 12 16 0 11 7 8 4 0 5 1 2 0 3 3 0 3 0 0 0 0 0 0 1 0 0 0 0 0 1 1 0 0
1615438445 124 28 20 12 16 0 11 7 8 4 0 5 1 2 0 3 3 0 3 0 0 0 0 0 0 1 0 0 0 0 0 1 1 0 0
1615498334 124 28 20 12 16 1 11 7 8 4 0 5 1 2 0 3 3 0 3 0 0 0 0 0 0 1 0 0 0 0 0 1 1 0 0
1615645840 125 28 20 12 16 1 11 7 8 4 0 5 1 2 0 3 3 0 3 0 0 0 0 0 0 1 0 0 0 0 0 1 1 0 0
1615817263 126 28 20 12 16 1 11 7 8 4 0 5 1 2 0 3 3 0 3 0 0 0 0 0 0 1 0 0 0 0 0 1 1 0 0
1616079505 126 28 20 12 16 1 11 7 8 4 0 5 1 2 0 3 3 0 3 0 0 0 0 0 0 1 0 1 0 0 0 1 1 0 0
1616167682 126 28 20 13 16 1 11 7 8 4 0 5 1 2 0 3 3 0 3 0 0 0 0 0 0 1 0 1 0 0 0 1 1 0 0
1616250531 126 28 20 14 16 1 11 7 8 4 0 5 1 2 0 3 3 0 3 0 0 0 0 0 0 1 0 1 0 0 0 1 1 0 0
1616332802 126 28 20 14 16 1 11 7 8 4 0 5 1 2 0 3 3 0 3 0 0 0 0 0 1 1 0 1 0 0 0 1 1 0 0
1616508903 126 28 20 14 16 1 11 7 8 4 0 5 1 2 0 3 3 0 3 0 0 0 1 0 1 1 0 1 0 0 0 1 1 0 0
1616596410 126 28 20 14 16 1 12 7 8 4 0 5 1 2 0 3 3 0 3 0 0 0 1 0 1 1 0 1 0 0 0 1 1 0 0
1616622395 126 28 20 14 16 2 12 7 8 4 0 5 1 2 0 3 3 0 3 0 0 0 1 0 1 1 0 1 0 0 0 1 1 0 0
1616706390 127 28 20 14 16 2 12 7 8 4 0 5 1 2 0 3 3 0 3 0 0 0 1 0 1 1 0 1 0 0 0 1 1 0 0
1617002437 127 28 20 14 16 2 13 7 8 4 0 5 1 2 0 3 3 0 3 0 0 0 1 0 1 1 0 1 0 0 0 1 1 0 0
1617125381 127 28 20 14 16 2 13 7 8 4 0 5 1 2 1 3 3 0 3 0 0 0 1 0 1 1 0 1 0 0 0 1 1 0 0
1617142024 127 28 20 15 16 2 13 7 8 4 0 5 1 2 1 3 3 0 3 0 0 0 1 0 1 1 0 1 0 0 0 1 1 0 0
1617170825 127 28 20 15 16 2 13 7 8 4 0 5 2 2 1 3 3 0 3 0 0 0 1 0 1 1 0 1 0 0 0 1 1 0 0
1617190749 127 28 20 16 16 2 13 7 8 4 0 5 2 2 1 3 3 0 3 0 0 0 1 0 1 1 0 1 0 0 0 1 1 0 0
1617218365 127 28 20 16 16 2 13 7 8 4 0 5 3 2 1 3 3 0 3 0 0 0 1 0 1 1 0 1 0 0 0 1 1 0 0
1617239805 127 28 20 16 16 2 13 7 8 4 0 5 3 2 2 3 3 0 3 0 0 0 1 0 1 1 0 1 0 0 0 1 1 0 0
1617245011 127 28 20 16 16 3 13 7 8 4 0 5 3 2 2 3 3 0 3 0 0 0 1 0 1 1 0 1 0 0 0 1 1 0 0
1617255124 128 28 20 16 16 3 13 7 8 4 0 5 3 2 2 3 3 0 3 0 0 0 1 0 1 1 0 1 0 0 0 1 1 0 0
1617257877 128 28 20 17 16 3 13 7 8 4 0 5 3 2 2 3 3 0 3 0 0 0 1 0 1 1 0 1 0 0 0 1 1 0 0
1617272920 128 28 20 17 16 3 13 7 8 4 0 5 4 2 2 3 3 0 3 0 0 0 1 0 1 1 0 1 0 0 0 1 1 0 0
1617318053 129 28 20 17 16 3 13 7 8 4 0 5 4 2 2 3 3 0 3 0 0 0 1 0 1 1 0 1 0 0 0 1 1 0 0
1617389398 130 28 20 17 16 3 13 7 8 4 0 5 4 2 2 3 3 0 3 0 0 0 1 0 1 1 0 1 0 0 0 1 1 0 0
1617795004 130 28 20 17 16 4 13 7 8 4 0 5 4 2 2 3 3 0 3 0 0 0 1 0 1 1 0 1 0 0 0 1 1 0 0
1617992966 131 28 20 17 16 4 13 7 8 4 0 5 4 2 2 3 3 0 3 0 0 0 1 0 1 1 0 1 0 0 0 1 1 0 0
1618248966 132 28 20 17 16 4 13 7 8 4 0 5 4 2 2 3 3 0 3 0 0 0 1 0 1 1 0 1 0 0 0 1 1 0 0
1618496056 133 28 20 17 16 4 13 7 8 4 0 5 4 2 2 3 3 0 3 0 0 0 1 0 1 1 0 1 0 0 0 1 1 0 0
1618502846 134 28 20 17 16 4 13 7 8 4 0 5 4 2 2 3 3 0 3 0 0 0 1 0 1 1 0 1 0 0 0 1 1 0 0
1618845355 135 28 20 17 16 4 13 7 8 4 0 5 4 2 2 3 3 0 3 0 0 0 1 0 1 1 0 1 0 0 0 1 1 0 0
1618863207 135 28 20 17 16 4 13 7 8 4 0 5 4 2 2 3 3 0 3 0 0 0 1 0 1 1 0 1 1 0 0 1 1 0 0
1619026161 136 28 20 17 16 4 13 7 8 4 0 5 4 2 2 3 3 0 3 0 0 0 1 0 1 1 0 1 1 0 0 1 1 0 0
1619041515 136 28 21 17 16 4 13 7 8 4 0 5 4 2 2 3 3 0 3 0 0 0 1 0 1 1 0 1 1 0 0 1 1 0 0
1619361500 137 28 21 17 16 4 13 7 8 4 0 5 4 2 2 3 3 0 3 0 0 0 1 0 1 1 0 1 1 0 0 1 1 0 0
1619459416 138 28 21 17 16 4 13 7 8 4 0 5 4 2 2 3 3 0 3 0 0 0 1 0 1 1 0 1 1 0 0 1 1 0 0
1619540790 139 28 21 17 16 4 13 7 8 4 0 5 4 2 2 3 3 0 3 0 0 0 1 0 1 1 0 1 1 0 0 1 1 0 0
1619551851 139 28 21 17 16 4 13 7 8 4 0 5 4 3 2 3 3 0 3 0 0 0 1 0 1 1 0 1 1 0 0 1 1 0 0
1619825359 139 28 21 17 16 5 13 7 8 4 0 5 4 3 2 3 3 0 3 0 0 0 1 0 1 1 0 1 1 0 0 1 1 0 0
1620233618 139 28 21 17 16 6 13 7 8 4 0 5 4 3 2 3 3 0 3 0 0 0 1 0 1 1 0 1 1 0 0 1 1 0 0
1620236736 139 28 21 17 16 6 13 8 8 4 0 5 4 3 2 3 3 0 3 0 0 0 1 0 1 1 0 1 1 0 0 1 1 0 0
1620244018 140 28 21 17 16 6 13 8 8 4 0 5 4 3 2 3 3 0 3 0 0 0 1 0 1 1 0 1 1 0 0 1 1 0 0
1620324520 140 28 21 17 16 7 13 8 8 4 0 5 4 3 2 3 3 0 3 0 0 0 1 0 1 1 0 1 1 0 0 1 1 0 0
1620412579 141 28 21 17 16 7 13 8 8 4 0 5 4 3 2 3 3 0 3 0 0 0 1 0 1 1 0 1 1 0 0 1 1 0 0
1620414870 142 28 21 17 16 7 13 8 8 4 0 5 4 3 2 3 3 0 3 0 0 0 1 0 1 1 0 1 1 0 0 1 1 0 0
1620658042 143 28 21 17 16 7 13 8 8 4 0 5 4 3 2 3 3 0 3 0 0 0 1 0 1 1 0 1 1 0 0 1 1 0 0
1620749410 143 28 21 17 16 8 13 8 8 4 0 5 4 3 2 3 3 0 3 0 0 0 1 0 1 1 0 1 1 0 0 1 1 0 0
1620822837 144 28 21 17 16 8 13 8 8 4 0 5 4 3 2 3 3 0 3 0 0 0 1 0 1 1 0 1 1 0 0 1 1 0 0
1620898589 144 28 21 17 16 9 13 8 8 4 0 5 4 3 2 3 3 0 3 0 0 0 1 0 1 1 0 1 1 0 0 1 1 0 0
1620979220 144 28 21 17 16 10 13 8 8 4 0 5 4 3 2 3 3 0 3 0 0 0 1 0 1 1 0 1 1 0 0 1 1 0 0
1621449347 145 28 21 17 16 10 13 8 8 4 0 5 4 3 2 3 3 0 3 0 0 0 1 0 1 1 0 1 1 0 0 1 1 0 0
1621528402 146 28 21 17 16 10 13 8 8 4 0 5 4 3 2 3 3 0 3 0 0 0 1 0 1 1 0 1 1 0 0 1 1 0 0
1621962549 147 28 21 17 16 10 13 8 8 4 0 5 4 3 2 3 3 0 3 0 0 0 1 0 1 1 0 1 1 0 0 1 1 0 0
1622125124 148 28 21 17 16 10 13 8 8 4 0 5 4 3 2 3 3 0 3 0 0 0 1 0 1 1 0 1 1 0 0 1 1 0 0
1622570496 148 28 21 17 16 11 13 8 8 4 0 5 4 3 2 3 3 0 3 0 0 0 1 0 1 1 0 1 1 0 0 1 1 0 0
1622640515 149 28 21 17 16 11 13 8 8 4 0 5 4 3 2 3 3 0 3 0 0 0 1 0 1 1 0 1 1 0 0 1 1 0 0
1622671081 149 28 21 17 16 11 13 8 8 4 0 5 4 3 2 3 3 0 3 0 1 0 1 0 1 1 0 1 1 0 0 1 1 0 0
1622734668 149 28 21 17 16 12 13 8 8 4 0 5 4 3 2 3 3 0 3 0 1 0 1 0 1 1 0 1 1 0 0 1 1 0 0
1622737756 149 28 21 17 16 12 13 8 8 4 0 5 4 3 2 3 3 0 3 0 2 0 1 0 1 1 0 1 1 0 0 1 1 0 0
1622802452 149 28 21 17 16 12 13 8 8 4 0 5 4 3 2 3 3 0 3 1 2 0 1 0 1 1 0 1 1 0 0 1 1 0 0
1622823595 149 28 21 17 16 12 13 8 8 4 0 5 4 3 2 3 3 0 3 1 2 0 1 0 1 1 0 1 1 0 0 1 1 0 1
1623367044 149 28 21 17 16 12 13 8 8 4 0 5 4 3 2 3 3 0 3 2 2 0 1 0 1 1 0 1 1 0 0 1 1 0 1
1623403061 149 28 21 17 16 13 13 8 8 4 0 5 4 3 2 3 3 0 3 2 2 0 1 0 1 1 0 1 1 0 0 1 1 0 1
1623667458 150 28 21 17 16 13 13 8 8 4 0 5 4 3 2 3 3 0 3 2 2 0 1 0 1 1 0 1 1 0 0 1 1 0 1
1623835729 150 28 21 17 16 14 13 8 8 4 0 5 4 3 2 3 3 0 3 2 2 0 1 0 1 1 0 1 1 0 0 1 1 0 1
1623859757 151 28 21 17 16 14 13 8 8 4 0 5 4 3 2 3 3 0 3 2 2 0 1 0 1 1 0 1 1 0 0 1 1 0 1
1623881228 151 28 21 17 16 14 13 8 8 4 0 5 4 3 3 3 3 0 3 2 2 0 1 0 1 1 0 1 1 0 0 1 1 0 1
1624053289 152 28 21 17 16 14 13 8 8 4 0 5 4 3 3 3 3 0 3 2 2 0 1 0 1 1 0 1 1 0 0 1 1 0 1
1624536046 152 28 21 17 16 14 13 8 8 4 0 5 4 3 3 3 3 1 3 2 2 0 1 0 1 1 0 1 1 0 0 1 1 0 1
1624639326 153 28 21 17 16 14 13 8 8 4 0 5 4 3 3 3 3 1 3 2 2 0 1 0 1 1 0 1 1 0 0 1 1 0 1
1624650227 153 28 21 17 16 14 13 8 8 4 0 5 4 3 3 3 3 1 3 2 2 1 1 0 1 1 0 1 1 0 0 1 1 0 1
1624656793 153 28 21 17 16 14 13 8 8 5 0 5 4 3 3 3 3 1 3 2 2 1 1 0 1 1 0 1 1 0 0 1 1 0 1
1624795543 153 28 22 17 16 14 13 8 8 5 0 5 4 3 3 3 3 1 3 2 2 1 1 0 1 1 0 1 1 0 0 1 1 0 1
1624922165 153 28 22 17 16 14 13 8 8 5 1 5 4 3 3 3 3 1 3 2 2 1 1 0 1 1 0 1 1 0 0 1 1 0 1
1624997445 153 28 22 17 16 14 13 8 8 5 1 5 4 3 3 3 3 1 3 2 2 1 1 1 1 1 0 1 1 0 0 1 1 0 1
1624999325 153 28 22 17 16 14 13 8 8 5 2 5 4 3 3 3 3 1 3 2 2 1 1 1 1 1 0 1 1 0 0 1 1 0 1
1625006101 154 28 22 17 16 14 13 8 8 5 2 5 4 3 3 3 3 1 3 2 2 1 1 1 1 1 0 1 1 0 0 1 1 0 1
1625064653 154 28 22 17 16 14 13 8 8 5 2 5 4 3 3 3 3 1 3 2 2 1 2 1 1 1 0 1 1 0 0 1 1 0 1
1625076362 154 28 22 17 16 15 13 8 8 5 2 5 4 3 3 3 3 1 3 2 2 1 2 1 1 1 0 1 1 0 0 1 1 0 1
1625327651 155 28 22 17 16 15 13 8 8 5 2 5 4 3 3 3 3 1 3 2 2 1 2 1 1 1 0 1 1 0 0 1 1 0 1
1625409054 155 28 22 17 16 15 13 8 8 5 2 5 4 3 3 3 3 1 3 2 2 1 2 1 1 1 0 1 1 1 0 1 1 0 1
1625668932 155 28 22 17 16 15 13 8 8 5 2 5 4 3 3 3 3 2 3 2 2 1 2 1 1 1 0 1 1 1 0 1 1 0 1
1625676155 155 28 22 17 16 16 13 8 8 5 2 5 4 3 3 3 3 2 3 2 2 1 2 1 1 1 0 1 1 1 0 1 1 0 1
1625779366 156 28 22 17 16 16 13 8 8 5 2 5 4 3 3 3 3 2 3 2 2 1 2 1 1 1 0 1 1 1 0 1 1 0 1
1626124407 157 28 22 17 16 16 13 8 8 5 2 5 4 3 3 3 3 2 3 2 2 1 2 1 1 1 0 1 1 1 0 1 1 0 1
1626132122 158 28 22 17 16 16 13 8 8 5 2 5 4 3 3 3 3 2 3 2 2 1 2 1 1 1 0 1 1 1 0 1 1 0 1
1626180087 158 28 22 17 16 16 13 8 8 5 3 5 4 3 3 3 3 2 3 2 2 1 2 1 1 1 0 1 1 1 0 1 1 0 1
1626255029 158 28 22 17 16 16 13 8 8 5 3 5 4 3 3 3 3 2 3 2 2 1 2 1 2 1 0 1 1 1 0 1 1 0 1
1626270834 159 28 22 17 16 16 13 8 8 5 3 5 4 3 3 3 3 2 3 2 2 1 2 1 2 1 0 1 1 1 0 1 1 0 1
1626280490 160 28 22 17 16 16 13 8 8 5 3 5 4 3 3 3 3 2 3 2 2 1 2 1 2 1 0 1 1 1 0 1 1 0 1
1626285357 160 28 22 17 16 16 13 8 8 5 3 5 4 3 3 3 3 2 3 2 2 1 2 2 2 1 0 1 1 1 0 1 1 0 1
1626297558 161 28 22 17 16 16 13 8 8 5 3 5 4 3 3 3 3 2 3 2 2 1 2 2 2 1 0 1 1 1 0 1 1 0 1
1626333460 161 28 22 17 16 16 13 8 8 5 3 5 4 3 3 3 3 2 3 2 2 2 2 2 2 1 0 1 1 1 0 1 1 0 1
1626370357 161 28 22 17 16 16 13 8 8 5 4 5 4 3 3 3 3 2 3 2 2 2 2 2 2 1 0 1 1 1 0 1 1 0 1
1626705556 162 28 22 17 16 16 13 8 8 5 4 5 4 3 3 3 3 2 3 2 2 2 2 2 2 1 0 1 1 1 0 1 1 0 1
1626836530 162 28 22 17 16 16 13 8 8 5 5 5 4 3 3 3 3 2 3 2 2 2 2 2 2 1 0 1 1 1 0 1 1 0 1
1626955826 162 28 22 17 16 16 13 8 8 5 5 5 4 3 3 3 3 3 3 2 2 2 2 2 2 1 0 1 1 1 0 1 1 0 1
1626969817 163 28 22 17 16 16 13 8 8 5 5 5 4 3 3 3 3 3 3 2 2 2 2 2 2 1 0 1 1 1 0 1 1 0 1
1627531696 163 28 22 17 16 16 13 8 8 5 5 5 4 3 3 3 3 3 3 2 2 2 2 2 2 1 1 1 1 1 0 1 1 0 1
1628002802 163 28 22 17 16 16 13 8 8 6 5 5 4 3 3 3 3 3 3 2 2 2 2 2 2 1 1 1 1 1 0 1 1 0 1
1628023263 163 28 22 17 16 16 13 8 8 6 5 5 4 3 3 3 3 3 3 2 2 2 2 2 2 1 1 1 1 1 0 1 1 1 1
1628685956 163 28 22 17 16 16 13 8 8 6 5 5 4 3 3 3 3 3 3 2 2 2 2 2 2 1 1 1 1 1 1 1 1 1 1
