1527173272 67
1527195472 24369
1527200212 24387
1527205410 24398
1527206555 24401
1527206671 24401
1527208225 24401
1527210420 24402
1527210456 24401
1527211425 24400
1527212841 24376
1527214109 24378
1527215692 24378
1527217444 24377
1527261775 24432
1527262565 24659
1527268977 25492
1527271574 25495
1527290695 25496
1527290877 25496
1527290940 25496
1527297775 25542
1527298797 25543
1527299893 25744
1527309749 25940
1527311093 25943
1527345967 26043
1527348187 26043
1527348214 26037
1527349808 26037
1527350028 26069
1527354207 26080
1527384483 26126
1527394348 26080
1527398010 26069
1527449362 26073
1527452114 26073
1527566420 25939
1527569981 25937
1527604051 25936
1527607786 26209
1527608549 26548
1527608737 26575
1527612998 26602
1527625192 26601
1527627228 26603
1527628086 26523
1527642529 26533
1527643598 26534
1527648443 26595
1527648608 26595
1527659046 26602
1527699799 22001
1527700216 22172
1527708120 22165
1527739899 22175
1527740256 22177
1527777032 22184
1527778462 22184
1527781517 22247
1527781652 22247
1527782399 22247
1527796017 22247
1527854289 22255
1527858532 22257
1527883796 20216
1527884308 18936
1527890254 19296
1527901880 18960
1527904857 18967
1527951382 19266
1527952381 19265
1527953789 19265
1527956757 19267
1527977424 19267
1528041154 19280
1528059699 19283
1528072728 19303
1528073363 19418
1528118747 19423
1528119806 19432
1528119963 19432
1528120013 19432
1528122177 19433
1528122547 19867
1528125823 19867
1528148096 19874
1528148136 20150
1528149085 20150
1528149133 20135
1528149798 20154
1528154800 20213
1528154931 20213
1528156439 20213
1528157794 20213
1528159992 20223
1528160783 20218
1528160931 20220
1528161359 20220
1528165077 20222
1528166503 20152
1528169942 20142
1528170349 20365
1528208267 20369
1528209440 20466
1528211011 20539
1528288544 20762
1528298618 20766
1528298653 20766
1528306161 20805
1528306538 20805
1528308011 20817
1528311990 21007
1528314116 21099
1528314348 21103
1528314528 21107
1528315525 21115
1528315560 21128
1528317459 21128
1528317493 21189
1528321295 21197
1528342510 21200
1528386105 21205
1528386223 21204
1528401335 21206
1528404128 21224
1528404161 21306
1528404636 21371
1528425733 21386
1528426672 21384
1528456636 21396
1528482170 21762
1528529045 21447
1528640018 21540
1528701655 21541
1528701674 21763
1528705273 21823
1528727049 21837
1528732515 21883
1528733556 21862
1528737021 21862
1528738172 21881
1528740959 21881
1528740971 21873
1528743413 21863
1528748288 21847
1528748318 21847
1528748324 21850
1528755424 21857
1528755592 21857
1528755619 22699
1528769026 22699
1528773982 22719
1528836160 22904
1528836171 22784
1528845230 21584
1528849247 21585
1528852668 21585
1528857793 21581
1528861594 21581
1528886145 21581
1528886728 21581
1528887130 21581
1528888194 21581
1528895467 21581
1528895514 21582
1528898604 21582
1529028921 21616
1529030976 21629
1531398372 22917
1532691444 25098
1538770697 28868
1539348265 28871
1539372591 28856
1539378156 28856
1539698015 28855
1539718893 28855
1539741875 28879
1539807291 29127
1539874187 29127
1539890096 29164
1539891267 29431
1539891286 29629
1539891300 29675
1539892734 29674
1539894162 29674
1539961205 29665
1539962058 29693
1539968615 29704
1539968689 29707
1539976959 29707
1540232921 29702
1540234352 29702
1540241508 29706
1540319594 29714
1540343735 29715
1540413217 29734
1540512139 29587
1540520120 29587
1540581771 29583
1540914892 29614
1541017271 29614
1541436805 29615
1541454822 29632
1542125128 29715
1542656864 29747
1543270258 30059
1543328307 29959
1543355919 30010
1543411933 29763
1543417403 30006
1543419149 30318
1543430717 29692
1543433843 29697
1543509151 29640
1543509254 29640
1543531146 29642
1543867527 29622
1543870674 29634
1543871407 29647
1543928784 29661
1543949237 29638
1544034413 29638
1544040910 29618
1544043162 29688
1544047312 29930
1544052353 29932
1544070122 29963
1544121062 30037
1544220694 30142
1544220791 30145
1544461464 30146
1544476733 30159
1544485759 30181
1544496791 30179
1544568302 31400
1544590105 31400
1544648348 31270
1544650532 31272
1544650603 31272
1544738962 31275
1544814578 31276
1544832831 35055
1544844270 35066
1544851462 35063
1544888375 35084
1544893834 35348
1544900392 34390
1544921205 34403
1544981580 34451
1544989213 34457
1544995731 34458
1545064668 34669
1545064695 34668
1545064912 34716
1545084463 34728
1545111445 34729
1545130261 34754
1545157999 34754
1545162090 34754
1545167150 34754
1545173853 34762
1545178363 34801
1545188967 34792
1545204614 34806
1545205379 34807
1545208616 34808
1545225327 34810
1545225361 35217
1545226969 35218
1545231138 35167
1545231162 35169
1545231204 35171
1545231784 35171
1545234375 35171
1545234792 35340
1545235513 35340
1545236005 35309
1545239533 35309
1545239536 35307
1545405739 35340
1545428746 35371
1545495632 35371
1545575690 35371
1545908302 35461
1545926019 35464
1545938647 35477
1545941375 35478
1545952995 35483
1545967454 35686
1546015041 35703
1546029334 35535
1546394584 35765
1546446502 35769
1546642786 35791
1546814062 35802
1546875947 35850
1547049229 35860
1547054337 35860
1547131491 35860
1547223702 36452
1547224007 36790
1547514480 36790
1547648783 36919
1547943310 36927
1548098771 37309
1548190104 37315
1548203984 37514
1548298176 37526
1548366072 37537
1548375266 37560
1548421372 37904
1548428959 37902
1548445476 38320
1548450385 38437
1548452155 38460
1548474655 38488
1548626457 38420
1548650032 32249
1548652654 32232
1548695279 32419
1548703712 32341
1548706789 32361
1548711489 32366
1548772085 32365
1548782663 32363
1548782719 32363
1548807299 32456
1548879168 32478
1548967993 32483
1548969995 32489
1548973740 32578
1549044927 32575
1549047030 32581
1549053236 32580
1549065933 32629
1549171377 32629
1549306114 32587
1549322370 32475
1549324667 32565
1549379143 32691
1549385537 32715
1549391235 32689
1549485193 32659
1549511206 32672
1549530818 32764
1549560873 32762
1549573303 32743
1549582073 33025
1549593050 33045
1549650492 33014
1549661954 33014
1549765650 33017
1549855309 33118
1549943459 33118
1549952287 33124
1549979856 33357
1549997796 33384
1550045800 33384
1550075326 33378
1550097572 33409
1550215987 33443
1550241374 33443
1550244354 33540
1550249147 35534
1550369189 35553
1550623276 35816
1550664874 35829
1550668761 35828
1550672872 35834
1550782364 35834
1550873561 35844
1550879888 35864
1550882628 35914
1550979217 35914
1551012651 35949
1551281634 35986
1551302242 35986
1551379146 35987
1551393856 36323
1551459941 36326
1551501945 36405
1551729756 36388
1551740273 36388
1551816145 31826
1551900402 31842
1551910611 31866
1551980296 31865
1552056391 31860
1552073584 31857
1552142504 31857
1552351180 31890
1552356251 31892
1552402006 31917
1552418371 31911
1552424895 32106
1552499395 32135
1552593140 32135
1552671467 32133
1552918663 32134
1553011908 32150
1553276056 32238
1553278922 32240
1553288835 32275
1553437349 32279
1553532041 32267
1553541903 32277
1553607515 32277
1553615034 32265
1553703223 32304
1553737452 32305
1553745832 32317
1553807281 32306
1553811423 32309
1553982012 32425
1553986707 32584
1554148864 32590
1554233286 32815
1554239973 33363
1554307587 33416
1554328674 33688
1554400997 33688
1554405468 33890
1554413977 33886
1554561426 33918
1554847393 33926
1554900401 33933
1554980601 33933
1555006318 33996
1555009055 33990
1555019103 34012
1555102183 34021
1555376803 34054
1555503587 34285
1555516111 34901
1555540605 34925
1555567694 34952
1555606704 36321
1555618498 36559
1555674237 36557
1555762195 36692
1555781912 36735
1555850912 36743
1555938753 38075
1555943342 38136
1556029002 38138
1556052558 38136
1556064963 38320
1556135602 38337
1556220772 38343
1556232686 38342
1556239981 38341
1556260471 38344
1556277097 38350
1556298768 38350
1556302992 38352
1556311759 38403
1556405087 38533
1556499300 38824
1556505450 38844
1556541365 38902
1556555832 38896
1556575998 38103
1556589163 38309
1556635103 38309
1556644494 38360
1556652844 38442
1556657881 38442
1556662871 38486
1556732276 38485
1556735797 38487
1556800508 40311
1556816307 40659
1556827094 40664
1556833332 40664
1556838455 40667
1556854585 40671
1556888731 40672
1556918658 40672
1557172405 40673
1557361678 40686
1557394944 40704
1557416798 40834
1557591812 40800
1557602323 40913
1557888920 40913
1557920587 40926
1558015085 40926
1558022840 40975
1558022915 40972
1558022960 40972
1558035974 40969
1558047827 41006
1558101296 41008
1558138098 41028
1558666153 41081
1558680444 41090
1558714237 41090
1558723639 41093
1558733033 41101
1559114998 41098
1559157639 41100
1559305185 41595
1559325567 41594
1559504623 41579
1559618367 41595
1559695192 41610
1559837490 41692
1559848817 41611
1559933739 41720
1559951216 41739
1560361007 41737
1560376860 41751
1560390722 41751
1560479166 41940
1560558648 41922
1560776283 41950
1560783872 41965
1560814435 42436
1560857883 42440
1560865417 42439
1561124433 42439
1561379279 42472
1561643805 42472
1561659172 42484
1561670384 42607
1561723361 42810
1561747922 42742
1562059225 42765
1562348590 42737
1562978122 57172
1563082769 57174
1563124708 57171
1563221087 57167
1563249533 57156
1563271821 57201
1563286895 57201
1563297237 57201
1563300662 57208
1563328057 57240
1563407137 57245
1563471746 57248
1563560958 57258
1563799122 57268
1563975211 57264
1563990282 57266
1564006958 57274
1564183515 57281
1564369421 57291
1564563741 57291
1564680201 57290
1564766752 57293
1564779576 60996
1565189678 61047
1565229381 61041
1565320518 61072
1565370443 61081
1565391463 61250
1565661575 61274
1565750836 61287
1565805553 62492
1565820029 62492
1565944551 63069
1566102941 63069
1566321062 63073
1566339142 63074
1566395843 63064
1566420902 64237
1566438651 64240
1566479878 64178
1566485962 64179
1566494448 64182
1566507560 64182
1566593641 64182
1567020634 64190
1567043801 63299
1567074246 64105
1567102022 64102
1567174513 63640
1567635572 65768
1567798215 63733
1568051580 63733
1568322104 63809
1568401857 63849
1569268821 63876
1569333339 63878
1569358514 63885
1569425461 63886
1569431311 63879
1569964089 63355
1570032683 64078
1570546019 64078
1570566355 64587
1570568928 64623
1570636810 65586
1571065206 65596
1571259824 65604
1571434539 65669
1571660452 65675
1572286951 65674
1572632067 65621
1573164740 65620
1573271464 65633
1573793200 65697
1573796743 65747
1573858452 66044
1574104186 66044
1574174555 66045
1574181546 66049
1574291331 66050
1574452939 66053
1574690269 66058
1575040683 66062
1575123902 66066
1575648475 66168
1575673125 66212
1575817094 66212
1576187507 66219
1576601653 66119
1576603828 66650
1576614144 66653
1576619305 67965
1576777615 67971
1576808545 67948
1576943372 59942
1577461030 58889
1578088900 58598
1578322802 58471
1578440707 57119
1578584861 57120
1578604569 56953
1578684630 57628
1578925488 57557
1578933567 57655
1578937161 57656
1578950923 57651
1578959324 57669
1579029492 57669
1579198944 57793
1579213485 60130
1579282813 59658
1579300686 59765
1579373148 59888
1579463779 59893
1579616551 59841
1579818111 59942
1579822125 59840
1579876450 59851
1580147884 60052
1580178388 60715
1580338133 61220
1580340660 61230
1580401202 61242
1580413501 61245
1580422682 61263
1580443912 61477
1580478433 61532
1580481463 61746
1580485623 61795
1580496699 61795
1580503066 61801
1580653048 61807
1581005953 61827
1581031562 61823
1581084284 61818
1581126388 62139
1581349409 62847
1581554494 62847
1581557556 62866
1581609793 62871
1581630142 62842
1581707249 62843
1581714240 62905
1581794355 62919
1582080380 62920
1582582491 62920
1582723206 62847
1582727757 62036
1582832271 62036
1583066673 61657
1583449764 61660
1583509383 61666
1583514690 61656
1583519582 61675
1583774024 61675
1583787570 63380
1583874557 63405
1584129465 63406
1584629085 65089
1584702261 65106
1584714929 65107
1584717115 65488
1584731568 65566
1584807414 65340
1584888851 65298
1584899438 65304
1585083245 65689
1585142211 65710
1585167576 65951
1585171785 65951
1585228673 66046
1585317681 66053
1585691678 66355
1585741963 66355
1585939428 66338
1585949695 66342
1586187480 66536
1586196528 66537
1586199268 66556
1586267027 66556
1586285236 66590
1586443207 66590
1586466319 66586
1586594961 66361
1586790232 66365
1586869594 66466
1586882389 66332
1587163462 66514
1587383884 66524
1587418364 66524
1587492265 66537
1587595280 66621
1587597545 66736
1587600469 67072
1587676393 67074
1587684373 67075
1587851033 67077
1588013621 76058
1588024484 84057
1588068994 84060
1588179874 84065
1588185684 84066
1588200663 84066
1588208144 84008
1588221673 84180
1588227810 84135
1588248393 84159
1588252406 84160
1588261339 84180
1588266069 84180
1588271709 84253
1588275259 84244
1588285979 84213
1588288287 84282
1588290682 84282
1588347889 84287
1588384276 84351
1588616540 84037
1588882739 84037
1588885694 84037
1588888976 84068
1588891720 84070
1588945093 84143
1588957588 84145
1588966839 84170
1588970481 84224
1588972632 84227
1589211087 84252
1589220006 84230
1589236234 84279
1589284500 84280
1589288863 84300
1589292901 84309
1589323961 84309
1589374870 84322
1589455074 84349
1589464035 84349
1589467848 84349
1589476497 84350
1589495128 84384
1589512315 84542
1589555466 84518
1589567178 84518
1589570489 84518
1589637365 84518
1589647321 84371
1589815286 84382
1589896413 83850
1589906017 83896
1589985672 83896
1590062943 84030
1590067400 84064
1590080717 84071
1590101588 84088
1590241979 84091
1590424617 84091
1590503888 84108
1590686787 83773
1591186036 83780
1591193458 83834
1591360593 83879
1591388149 83893
1591792722 83893
1591894100 83877
1591998376 83877
1592238503 83949
1592315475 83971
1592319513 83950
1592407591 83969
1592411842 83985
1592435321 84014
1592491330 84020
1592546791 84004
1592566226 84125
1593019131 84249
1593415776 84281
1593451053 84281
1593463644 84320
1593530668 84320
1593616012 84377
1593635127 84393
1593700170 84399
1594021358 84438
1594067935 84441
1594124870 84429
1594155834 85008
1594310049 85203
1594940534 85203
1594943527 85211
1594948543 85213
1595014451 85213
1595094325 85233
1595513867 85233
1595517914 85245
1595531257 85276
1595536810 85302
1595542381 85317
1595552508 85335
1595579113 85304
1595599056 85347
1595619420 85338
1596035762 85347
1596048551 85364
1596114388 85376
1596119750 85376
1596193549 85435
1596218424 85514
1596302888 85586
1596306470 85590
1596313692 85616
1596379537 85689
1596454050 85701
1596479334 85739
1596538220 85787
1596543439 85416
1596640424 85416
1596719174 85416
1596727188 85416
1596743304 85416
1596762886 85416
1596830985 85718
1597069038 85723
1597096786 85723
1597150141 85733
1597165548 85731
1597173903 85809
1597215850 85845
1597251722 85943
1597268390 83729
1597310433 83992
1597337796 84594
1597424458 84593
1597439120 84593
1597498260 84654
1597676150 84669
1597680198 84740
1597696789 84751
1597755279 84838
1597842866 84845
1597885314 84845
1597924698 84454
1597965034 84460
1597967117 84464
1598007527 84492
1598013500 84493
1598015398 84521
1598017301 84695
1598289114 84735
1598306881 84861
1598313056 84861
1598626564 84839
1598841482 84851
1598900276 84815
1598907624 84881
1598986337 84887
1599019151 84956
1599080976 83991
1599140849 84040
1599159782 84058
1599189786 84071
1599309783 84093
1599575436 84095
1599680154 84089
1599768196 84134
1599777631 84616
1599810463 84763
1599849878 84766
1599874131 84815
1599921459 84835
1599924438 84853
1599928425 84864
1600153179 84871
1600160596 85817
1600203298 85817
1600206882 85817
1600378235 85986
1600428047 86014
1600466085 86008
1600684852 86184
1600714779 86188
1601058554 86803
1601066147 86803
1601071459 90513
1601254378 90882
1601257641 90934
1601265960 91027
1601315851 91028
1601325749 91028
1601340941 91038
1601395236 91038
1601414927 91038
1601504699 91128
1601510956 91616
1601556923 91616
1601564174 91617
1601655766 91618
1601658177 91617
1601659949 91622
1601661885 91723
1601674651 91737
1601679289 91778
1601908230 91785
1601910424 92010
1602020503 92062
1602106310 92093
1602176940 92146
1602192393 92181
1602261628 92184
1602272421 92189
1602274634 92325
1602338380 92321
1602510216 93193
1602515919 93193
1602615079 93238
1602624406 93254
1602640374 93264
1602659524 93261
1602698229 93247
1602706220 93263
1602708868 93268
1602712502 93878
1602716724 96863
1602746210 96998
1602766717 96994
1602769226 97652
1602774219 97653
1602777261 97697
1602787558 97711
1602789961 102453
1602795624 102457
1602799148 103525
1602801746 105727
1602807131 106888
1602810651 107682
1602826237 107682
1602829600 107973
1602852814 107973
1603140564 107958
1603397275 107987
1603405749 108030
1603464617 108097
1603472703 108142
1603489471 108157
1603493424 108171
1603736285 108171
1603819751 108195
1603848019 108193
1603850260 108193
1603986265 108204
1604042965 108698
1604106355 108768
1604329443 108836
1604610966 108841
1604670780 108846
1604686351 108863
1604949609 108870
1605107870 108892
1605124327 109029
1605128631 109044
1605133579 109074
1605194225 109074
1605542163 109073
1605625934 109113
1605628078 109114
1605720208 109100
1605730231 108996
1605798177 109004
1605891842 109008
1606052943 109053
1606120455 109475
1606125932 109466
1606156673 109507
1606276143 109542
1606312573 109535
1606315905 109182
1606402378 109182
1606490264 109287
1606538320 109332
1606713083 109743
1606916012 109741
1606923713 110468
1607007105 110500
1607630385 110499
1608047821 110499
1608050354 110521
1608135140 110521
1610426677 110695
1610573194 110695
1610637940 110689
1610640716 110726
1610647578 110726
1610660208 110726
1610664300 110726
1610722419 110726
1610731382 110782
1610749776 110788
1611240680 110860
1611343140 110857
1611353596 110864
1611364948 110890
1611692577 110850
1611699745 110770
1612216632 110772
1612373093 110771
1612460124 110775
1612470271 110771
1612807914 110769
1612818962 110769
1612828155 110770
1612965045 110771
1613602157 110745
1613760322 110759
1614011559 110762
1614030826 110832
1614095387 110843
1614100536 110843
1614181083 110928
1614184198 111013
1614283347 111013
1614358147 111119
1614789056 111121
1615219697 111179
1615580475 110454
1616018430 110436
1616028116 110432
1616109251 110432
1616709577 110667
1616766023 110669
1617058790 110691
1617148792 110692
1617210328 110709
1617313400 113141
1617368011 113125
1617553716 113125
1617558709 113125
1617564359 113125
1617708705 113125
1617847516 113128
1618251288 113134
1618418311 113135
1618608668 113188
1619029344 113187
1619361686 113180
1620242397 113193
1620316011 113192
1620662495 113192
1620836261 113192
1622845369 113192
1622851233 113173
1623166061 113174
1623189029 113174
1623703215 113174
1623773734 113178
1624452483 113179
1624897061 113193
1625085365 113191
1625688532 113191
1625759369 113193
1625782107 113193
1626187455 113192
1628106744 113203
1629127328 113205
1629748183 113210
1630335481 113210
1631116639 113203
1631122294 113225
